$SPEC_ID:
No sample description was entered.
$SPEC_REM:
DET# 1
DETDESC# DESKTOP-PNQJTCJ Easy-MCA-8k SN 09161357
AP# Maestro Version 7.01
$DATE_MEA:
09/30/2020 10:37:03
$MEAS_TIM:
930 938
$DATA:
0 8191
       0
       0
       0
       0
       0
       0
       0
       0
       0
       0
       0
       0
       0
       0
       0
       0
       0
       0
       0
       0
       0
       0
       0
       0
       0
       0
       0
       0
       0
       0
       0
       0
       0
       0
       0
       0
       0
       0
       0
       0
       0
       0
       0
       0
       0
       0
       0
       0
       0
       0
       0
       0
       0
       0
       0
       0
       0
       0
       0
       0
       0
       0
       0
       0
       0
       0
       0
       0
       0
       0
       0
       0
       0
       0
       0
       0
       0
       0
       0
       0
       0
       0
       0
       0
       0
       0
       0
       0
       0
       0
       0
       0
       0
       0
       0
       0
       0
       0
       0
       0
       0
       0
       0
       0
       0
       0
       0
       0
       0
       0
       0
       0
       0
       0
       0
       0
       0
       0
       0
       0
       0
       0
       0
       0
       0
       0
       0
       0
       0
       0
       0
       0
       0
       0
       0
       0
       0
       0
       0
       0
       0
       0
       0
       0
       0
       0
       0
       0
       0
       0
       0
       0
       0
       0
       0
       0
       0
       0
       0
       0
       0
       0
       0
       0
       0
       0
       0
       0
       0
       0
       0
       0
       0
       0
       0
       0
       0
       0
       0
       0
       0
       0
       0
       0
       0
       0
       0
       0
       0
       0
       0
       3
      10
      13
      31
      25
      32
      67
     321
     459
     436
     445
     440
     448
     458
     474
     481
     489
     435
     453
     477
     517
     527
     516
     497
     430
     459
     461
     469
     473
     471
     418
     441
     446
     478
     477
     502
     489
     458
     452
     430
     397
     461
     435
     451
     403
     466
     456
     372
     424
     402
     459
     433
     424
     452
     391
     449
     441
     395
     429
     422
     444
     430
     414
     466
     419
     444
     455
     437
     371
     447
     429
     420
     397
     386
     406
     398
     414
     436
     421
     385
     406
     373
     410
     403
     406
     392
     386
     389
     398
     395
     376
     435
     387
     395
     416
     400
     407
     385
     380
     418
     365
     397
     401
     384
     384
     383
     400
     376
     388
     398
     401
     394
     376
     366
     383
     388
     344
     353
     338
     412
     379
     362
     366
     382
     392
     358
     387
     379
     358
     339
     363
     386
     323
     355
     338
     371
     361
     387
     325
     361
     331
     341
     342
     324
     356
     323
     330
     308
     283
     318
     335
     325
     314
     336
     324
     330
     326
     305
     336
     356
     330
     289
     327
     304
     276
     323
     318
     305
     331
     309
     309
     293
     281
     323
     333
     267
     286
     253
     315
     263
     274
     286
     295
     300
     291
     286
     302
     318
     244
     272
     325
     294
     308
     242
     294
     274
     301
     290
     261
     279
     264
     287
     258
     287
     247
     284
     265
     271
     292
     269
     284
     261
     255
     269
     253
     291
     254
     227
     247
     256
     246
     273
     250
     279
     266
     266
     265
     255
     281
     280
     258
     266
     268
     252
     225
     261
     257
     223
     256
     226
     247
     262
     229
     262
     266
     271
     244
     260
     269
     274
     247
     296
     253
     235
     240
     223
     261
     299
     300
     306
     302
     306
     343
     343
     369
     323
     336
     344
     309
     328
     324
     288
     301
     285
     260
     246
     297
     270
     248
     260
     286
     253
     251
     263
     250
     245
     242
     233
     229
     261
     256
     220
     210
     213
     254
     258
     253
     224
     206
     236
     238
     225
     216
     218
     181
     237
     205
     215
     225
     238
     181
     204
     217
     201
     202
     188
     192
     204
     226
     211
     235
     209
     205
     212
     180
     180
     201
     174
     208
     198
     189
     226
     186
     196
     185
     210
     199
     207
     202
     195
     190
     186
     181
     195
     186
     201
     215
     171
     187
     202
     194
     190
     212
     158
     184
     201
     173
     178
     185
     186
     176
     153
     170
     192
     159
     159
     160
     173
     175
     174
     180
     174
     179
     166
     172
     171
     161
     161
     175
     175
     163
     173
     177
     173
     159
     142
     142
     179
     166
     174
     189
     257
     353
     306
     185
     169
     167
     158
     183
     150
     203
     180
     166
     159
     166
     155
     147
     139
     125
     158
     137
     167
     144
     144
     155
     132
     138
     148
     138
     123
     140
     141
     151
     136
     135
     134
     141
     144
     137
     123
     133
     123
     124
     128
     145
     127
     132
     134
     126
     136
     139
     141
     135
     118
     144
     124
     115
     127
     106
     109
     135
     152
     137
     125
     127
     134
     119
     125
     129
     137
     135
     121
     137
     124
     129
     120
     133
     146
     118
     126
     139
     153
     131
     105
     116
     122
     129
     136
     106
     114
     122
     128
     138
     129
      92
     117
     127
     141
     142
     110
      99
     100
     107
     120
     109
     111
     116
     119
     128
     126
     113
      97
     118
      91
     128
     141
     107
      90
     106
     117
     110
     119
     109
     121
      85
     102
      88
     124
     104
     118
     119
     114
     101
     113
     107
     100
     108
     102
     121
     117
     165
     188
     140
     122
     113
      93
     110
      94
     104
     101
     107
     100
     110
     106
     122
     106
     114
     128
     119
     118
     110
      94
     103
     101
     109
     113
     128
      93
     102
      97
      91
     104
     125
      86
      98
     113
     100
      96
     113
     114
      93
     104
      96
     113
     112
      95
      98
     103
      98
     110
     102
      85
     103
     112
     108
      93
     104
      92
     114
     112
      93
     110
     101
      99
      92
      94
     105
     110
     106
     104
     114
      90
     100
     111
      96
     110
      82
     115
     100
     116
     126
     117
      98
     120
     110
     101
     114
      87
      94
     104
      82
     113
      96
      99
     101
     101
     110
     104
      95
     103
      84
      93
      97
      83
     101
     104
     133
     135
     113
      94
      87
     103
     105
      84
      98
      84
     106
      98
      92
     100
     101
      76
      88
      89
      78
      97
      94
      90
     108
     107
      99
      80
      79
      81
      97
      94
      92
     102
     122
     176
     192
     141
     111
      92
      87
      85
      89
     100
      86
     103
      94
      94
      90
     109
      89
      96
     108
      92
      89
      93
      86
     104
      89
      80
      73
      93
     113
      79
      88
      99
     103
      88
      94
      92
      98
      96
      86
      91
      91
      78
      99
      91
      94
     101
      82
      93
      96
      92
      87
     105
      86
     100
     102
      98
      79
      94
      80
      90
      78
      79
     116
      99
      85
      70
      80
      97
      73
      90
      89
      99
      80
      88
      92
      89
      90
      80
      91
     102
     100
      94
      89
      72
      87
      92
      98
      79
      99
     101
      72
     116
      87
      90
      86
     100
     101
      90
     102
      87
      93
      92
      87
      91
      90
      84
     107
      82
      95
      95
      86
      67
      98
      84
     110
      92
      91
      89
      98
      97
      84
     105
      94
     106
      90
      90
      90
     100
     109
     102
      91
      95
      88
      87
     114
      96
      94
      77
     101
      95
      88
     105
      86
      93
     107
      93
     107
      88
      97
      88
      87
      93
     100
     100
      83
     104
      81
     120
      92
     101
      85
      98
     108
     102
      96
     101
      76
      90
      64
      81
      84
     109
      91
     101
      89
     100
      87
      95
      88
      87
      80
      88
      89
      93
      98
     104
     104
     107
     116
      98
      98
      99
      92
      98
      93
      97
     108
      93
      87
      91
      94
      90
      95
      89
      93
      94
     100
      83
      88
     134
     105
     108
      94
      96
     102
     111
     100
      87
     121
      84
      89
      86
      93
     110
     113
      99
     115
      94
      96
     108
     117
      84
      92
      90
     110
      97
      96
     114
     101
     119
     101
      87
     103
     104
      98
      90
      99
     104
     108
      93
     106
     111
     112
     110
      96
      94
     119
      87
     103
     124
      89
     100
     115
     108
      97
     103
     101
     116
     108
      95
     133
     122
     104
     113
     116
     108
     115
     101
     107
     112
     111
      94
     106
      87
     111
     101
      90
     129
      88
     102
      95
     108
     111
      92
     102
     109
     122
     103
      95
      94
     113
      83
      94
      82
      78
      92
     102
      75
     109
      90
      86
      84
      74
      78
      84
      69
      81
      81
      75
      77
      72
      69
      51
      59
      73
      62
      68
      61
      64
      83
      70
      62
      60
      68
      64
      54
      70
      63
      63
      63
      61
      54
      62
      65
      56
      72
      62
      53
      63
      58
      47
      65
      58
      60
      61
      58
      73
      55
      59
      44
      52
      59
      55
      46
      59
      42
      42
      62
      63
      49
      48
      72
      52
      56
      48
      47
      55
      46
      41
      45
      50
      49
      46
      62
      56
      48
      58
      44
      60
      53
      75
      64
      59
      59
      51
      42
      37
      48
      45
      48
      51
      41
      49
      41
      52
      56
      43
      41
      51
      46
      44
      47
      41
      45
      55
      38
      51
      35
      40
      36
      43
      55
      44
      43
      54
      40
      37
      39
      35
      39
      49
      38
      55
      36
      57
      45
      40
      59
      40
      48
      43
      49
      38
      34
      45
      44
      37
      44
      39
      40
      37
      33
      34
      38
      34
      34
      37
      40
      38
      34
      37
      39
      40
      28
      30
      37
      29
      39
      32
      36
      39
      38
      37
      31
      30
      41
      29
      30
      27
      27
      23
      20
      36
      33
      34
      12
      28
      27
      39
      28
      31
      29
      38
      27
      36
      33
      26
      32
      29
      26
      23
      38
      29
      23
      40
      34
      32
      25
      23
      26
      24
      32
      48
      24
      14
      22
      16
      25
      27
      30
      38
      26
      21
      33
      26
      17
      32
      23
      27
      18
      22
      25
      28
      34
      22
      24
      21
      24
      23
      35
      23
      32
      24
      23
      27
      27
      23
      22
      23
      20
      27
      26
      27
      27
      23
      26
      24
      23
      20
      27
      23
      19
      18
      25
      25
      36
      32
      65
      80
      69
      43
      37
      30
      27
      16
      20
      22
      27
      23
      23
      22
      23
      16
      25
      14
      15
      19
      25
      19
      25
      23
      15
      32
      24
      18
      28
      22
      11
      13
      21
      25
      21
      25
      18
      21
      16
      18
      24
      16
      18
      17
      20
      14
      26
      28
      20
      22
      19
      22
      25
      22
      22
      24
      18
      18
      22
      21
      23
      15
      22
      31
      68
     111
     102
      56
      34
      24
      24
      24
      21
      12
      15
      22
      23
      26
      22
      27
      24
      18
      23
      21
      16
      21
      18
      15
      16
      17
      20
      18
      15
      20
      17
      21
      17
      14
      14
      26
      15
      21
      21
      12
      10
      18
      17
      25
      17
      13
      20
      16
      20
       9
      23
      22
      20
       9
      18
      20
      15
      25
      21
      16
      17
      23
      11
      17
      18
      17
      12
      22
      25
      22
      16
      17
      14
      18
      11
      15
      11
      20
      20
      22
      19
      13
      26
      15
      10
      17
      15
      11
      18
      15
      15
      18
      19
      18
      18
      21
      15
      23
      20
      20
      21
      16
      13
      24
      19
      20
      26
      18
      21
      23
      13
      15
      15
      22
      24
      27
      17
      15
      19
      21
      19
      20
      18
      26
      21
      56
     185
     888
    2577
    4667
    5350
    3712
    1485
     386
      83
      30
      30
      26
      25
      19
      17
      10
      13
      12
      12
      10
       6
      12
      14
       7
      12
      11
       5
      12
      10
      13
      11
      10
      12
       4
       7
       6
       8
       8
       9
      14
      13
       6
       5
       7
       6
      10
       6
       3
       8
       8
      10
       5
       5
       6
      13
      12
      11
      15
      11
       8
       7
      12
       5
       8
       5
       7
       8
      12
       9
      11
      13
      11
      10
      10
       8
       8
      15
       7
       9
      12
       9
       4
      10
       4
      11
       9
      13
      12
       9
       4
       4
       9
       6
      10
       9
      15
      14
      11
      14
       4
       8
       8
       8
      13
      10
       5
       5
       5
       7
       6
      12
      11
       9
       9
      10
       9
       7
       9
       8
      15
      10
       4
      11
       7
      13
      10
      12
       2
       5
       9
       9
      15
       9
      11
      10
      10
      10
       7
       7
       9
       9
       8
       9
      13
       8
       9
      10
       8
       9
       8
      10
       3
       9
       8
       7
      12
       8
      10
       8
      11
      11
       7
      12
      18
      27
      23
      22
      11
       8
       9
       7
      10
       9
       2
       8
       3
      12
       6
       8
       9
       8
      12
       7
      10
       5
       9
       7
       5
       7
      10
       8
      11
       9
       8
       5
       7
       5
       9
      10
       8
      10
       8
       9
       6
      14
      10
       7
       7
       6
       3
       5
       6
       8
       7
      11
       8
       7
       6
      12
       5
       5
       7
       7
       5
      10
       6
      10
       8
       8
      12
      13
       6
      10
       5
      14
       6
      10
      15
       7
       7
       5
       6
       9
      12
       8
       8
       8
      11
       4
      10
      10
      11
       6
       4
      11
       6
       8
       5
       3
       6
       9
      13
      11
      10
      13
      22
      14
      15
      10
       6
      10
       7
       8
       5
      10
      12
       6
       8
       4
       7
       6
       8
       7
       6
       5
       7
       5
       8
      16
       8
       4
      12
       5
      10
       4
       3
       7
       8
      12
       7
       6
       5
       8
       9
       9
       8
       9
      14
       8
       8
      13
      13
       6
       9
       6
       7
       7
      11
       6
       7
       6
       4
       6
      10
       6
       9
       5
      11
      10
      12
      12
      14
       9
       3
       7
       7
       6
       9
       5
       4
      10
       2
       8
       6
       6
       7
       7
       6
       6
       5
       9
       2
       8
       5
       8
       2
       6
      11
      10
      10
      10
       7
       8
      11
       7
       3
       8
       6
       2
       7
      10
       5
      10
       6
       3
       3
       6
       9
      12
       3
       4
       8
       5
       6
       3
       5
       5
       4
       7
       6
       5
       5
       6
      10
       7
       3
       7
       3
       8
       2
      10
       8
       5
       7
       3
       6
       8
       6
       5
       9
       6
      11
       9
       4
       7
      11
       6
      12
      12
       3
       6
       3
       9
       8
       8
      11
       9
       6
       8
      10
      11
      10
       9
       6
       6
       5
       5
       1
       8
      11
       7
      11
       6
      10
      11
       2
       3
       3
       2
       5
       9
       7
       9
       9
       4
       7
       1
       6
      15
       9
       3
       8
       8
       4
       6
       7
       6
       5
      10
       6
       3
       7
       7
       6
       5
      11
       7
       3
       6
       4
       9
       6
       6
       8
       5
       6
      12
      11
       4
      12
       8
      12
      15
      11
       6
      10
       7
       3
       6
       6
       9
       5
       7
       5
       6
       3
       6
       4
       9
       7
       8
       7
       6
       5
       4
       7
       7
       6
       9
       2
       8
       5
       6
       9
       6
      10
       3
      10
       7
      10
       5
       9
       6
       2
       5
       2
       2
       3
       6
       8
       7
       4
       6
       5
      10
       9
       7
       2
       3
       3
       2
       7
       5
       4
       8
       5
       2
       6
      10
      10
       6
       4
       1
       9
       6
       4
       8
       5
       6
       5
       9
       5
       5
       4
       5
       7
       6
       6
       5
       5
       8
       6
       9
       5
       9
       8
       7
       5
       7
       1
       9
       5
       8
       9
       4
       7
      10
       3
      10
       3
      11
       5
      12
       7
       3
       2
       8
       6
       3
       5
       4
      10
      14
      16
      36
      50
      29
      21
      10
       4
       6
       7
       2
       5
       3
       3
       3
       8
       2
       4
      12
       6
       7
       5
       7
       4
       7
       6
       7
      11
       7
       3
       5
       8
       2
       8
       7
       3
       6
       9
       7
      10
       1
       8
       3
       3
       5
       6
      14
       3
       9
       8
       7
       5
       6
       7
       4
       2
       6
       8
      10
      10
      11
       9
       4
       5
       3
       4
       2
       9
       5
       4
      10
       5
       6
       5
       7
       4
       1
       3
       8
       6
       3
      10
       8
       8
       6
       5
       5
       7
       5
       0
       6
       8
       7
       7
       6
       7
       6
       7
       3
       3
       6
       4
       8
       5
      11
       6
       9
       6
       5
      11
       5
       7
       3
       5
       6
       8
       6
       4
       9
       9
       8
       3
       5
       2
       4
      10
       5
       7
       9
       5
       6
       5
      12
      13
      16
      11
       5
      10
       6
       6
       9
       5
      15
      15
      33
      13
      19
      17
      10
       7
       4
       6
       2
       4
       5
       6
       5
       6
       8
       4
       4
       6
       4
       5
      10
       7
       6
       4
      10
       8
       3
       3
       6
       2
       5
       7
       9
       8
       4
       7
       4
       6
       6
       5
       2
       6
       6
       5
       1
       3
       5
       7
       6
       6
       5
       5
       1
       3
       4
       5
       1
       9
       4
       3
       7
       4
       1
       4
       3
       5
       5
       5
       4
       7
       7
       7
       4
       5
       6
       5
       3
       6
       5
       3
       5
       4
       7
       5
       5
       7
       7
       5
       4
       0
       6
       7
       5
       4
       7
       5
       6
      11
       7
       4
       7
       6
       3
       7
       6
       5
      10
       8
       5
      11
       8
       3
       3
       6
       4
       5
      12
       6
       5
       4
       6
       6
       1
       8
       6
       5
       4
       0
       7
       6
       4
       5
       9
       4
       5
       9
       2
       6
       1
       8
       3
       3
       7
       2
       7
       7
       6
       2
       5
       1
       1
       6
       6
       5
       4
      10
       3
       6
       4
       9
       6
       7
       9
       4
       3
       3
       7
       4
       5
       6
       6
       2
       6
       5
       3
       2
       4
       3
       9
       4
       4
       4
       4
       3
       8
      10
       5
       2
       5
       5
       5
       3
       5
       1
       7
       4
       4
       7
       6
       6
       6
       4
       2
       5
       9
       8
       4
       4
       4
       6
       4
       5
       7
       6
       2
       7
       6
       7
       7
       2
       3
       9
       4
       5
       3
       6
       4
       5
       1
       3
       4
       7
       4
       4
       5
       6
       3
       6
       4
       1
       4
       2
       4
       6
       6
       4
      10
       3
       4
       9
       4
       4
       2
       3
       4
       4
       6
       8
       3
       0
       6
       4
       3
       5
       7
      10
       4
       5
       5
       2
       5
       4
       3
       5
       5
       5
       3
       5
       7
       4
       2
      10
       5
       2
       5
       7
       4
       5
       2
       8
       5
       9
       9
       6
       5
       2
       4
       7
       3
       4
       4
       5
       8
       7
       4
       2
       7
       6
       4
       4
       6
       4
       7
       4
       4
       3
       4
       3
       0
       3
       3
       4
       4
       7
       3
       8
       2
       1
       4
       5
       4
       4
       7
       7
       3
       8
       3
       5
       5
       5
       2
       4
       9
       7
       4
       3
       5
       6
       4
       4
       5
       2
       6
       7
      12
       4
       5
       5
       8
       4
      10
       5
       7
       5
       6
       7
       7
       2
      14
       6
      16
      24
      19
      18
       7
       6
       5
       3
       3
       4
       7
       5
       2
       3
       8
       7
       2
       7
       3
       3
       6
       7
       6
       4
       3
       5
       6
       5
       4
       4
       3
       7
       5
       6
       6
       5
       5
       3
       6
       8
       8
       2
       0
       1
       8
       1
       2
       2
       5
       9
       3
       3
       7
       3
       3
       6
       7
       4
       3
       6
       7
       3
       2
       3
       9
       3
       6
       3
       6
      10
       3
       9
       4
       5
       8
       7
       5
       7
       7
       3
       3
       3
       6
       8
       7
       7
       7
       4
       7
       8
       3
       7
       3
       3
       4
       6
       2
       3
       8
       9
       5
      10
       5
       7
       5
       5
       7
       3
       2
       5
       2
       5
       6
       4
       2
       5
       1
       1
       3
       5
       6
       8
       7
       4
       5
       4
       5
       4
       5
       4
       7
       6
       2
       4
       8
       4
       8
       7
       6
       2
       4
       3
       7
       2
       4
       7
       7
       6
       3
       2
       6
       3
       4
       2
       6
       4
       9
       5
       6
       6
       5
       4
       8
       3
       3
       6
       3
       9
       7
       8
       6
       9
       4
      10
       6
       7
       4
       3
       4
       5
       2
       6
       6
       4
       6
       5
       4
       9
       8
       7
       6
       3
       4
       3
       3
       6
       6
       7
       2
       6
       4
       5
       4
       4
      10
       6
       4
       5
      11
       9
       7
       6
       3
       6
       3
       8
       8
       3
       3
       5
       2
       6
       2
       5
       6
       5
       5
       3
       3
       8
       6
       3
       4
       6
       5
       8
       7
       5
       8
       7
       3
       1
       8
       9
       5
       4
       6
       4
       4
       8
       5
       8
       5
       2
       5
      11
       6
       7
       9
       4
       4
       6
       7
       1
       6
       6
       7
       2
       7
       4
       7
       7
       5
       7
      10
       5
       6
       4
       8
      14
       3
       6
       5
       5
       5
       6
       4
       5
       6
      17
       8
      13
      10
       8
       7
       3
       2
       8
       4
       5
       4
       7
       5
       3
       8
       7
       4
       2
       9
       4
       7
       5
       3
       5
       8
       5
       4
       3
       3
       3
       7
       2
       5
       5
       2
       3
       5
       4
       6
       6
       3
       3
       2
       1
       3
       4
       3
       2
       5
       4
       6
       3
       3
       5
       1
       1
       1
       5
       8
       7
       3
       6
       3
       5
       3
       3
       3
       0
       3
       4
       4
       3
       2
       6
       1
       2
       4
       5
       1
       4
       4
       7
       5
       3
       5
       2
       0
       3
       5
       3
       4
       2
       1
       3
       2
       1
       2
       4
       2
       3
       6
       3
       2
       5
       3
       2
       3
       6
       8
       2
       6
       4
       8
       3
       5
       4
       3
       1
       5
       1
       2
       2
       3
       2
       1
       2
       2
       1
       2
       3
       3
       7
       4
       6
       1
       6
       3
       3
       2
       6
       2
       5
       2
       2
       3
       2
       3
       1
       3
       4
       3
       4
       3
       2
       4
       4
       4
       1
       4
       2
       2
       0
       6
       1
       2
       7
       1
       5
       3
       2
       3
       4
       4
       0
       2
       2
       2
       1
       4
       1
       1
       6
       3
       0
       2
       2
       2
       1
       4
       4
       1
       2
       1
       3
       2
       1
       2
       4
       4
       1
       4
       2
       4
       4
       1
       1
       2
       2
       6
       4
       0
       4
       0
       3
       5
       3
       2
       6
       0
       3
       4
       0
       4
       2
       3
       1
       1
       5
       1
       4
       3
       4
       4
       1
       3
       3
       7
       2
       1
       2
       0
       0
       5
       0
       0
       3
       0
       0
       3
       2
       2
       3
       2
       0
       5
       1
       0
       2
       2
       0
       2
       1
       0
       1
       0
       0
       3
       0
       2
       1
       0
       3
       0
       2
       4
       1
       3
       1
       0
       1
       1
       3
       0
       2
       3
       2
       4
       1
       0
       5
       5
       1
       1
       2
       3
       1
       3
       1
       2
       1
       3
       3
       0
       3
       3
       1
       5
       3
       1
       1
       1
       3
       2
       2
       2
       2
       2
       0
       0
       4
       0
       1
       2
       0
       1
       2
       1
       0
       0
       2
       2
       2
       0
       2
       0
       2
       0
       4
       0
       3
       3
       9
       6
       3
       7
       3
       4
       3
       0
       3
       1
       2
       2
       2
       5
       2
       1
       2
       3
       4
       2
       2
       4
       3
       3
       1
       1
       2
       0
       2
       0
       2
       1
       3
       2
       3
       3
       1
       3
       2
       0
       3
       4
       1
       5
       0
       1
       3
       0
       3
       0
       2
       0
       2
       1
       3
       3
       2
       4
       5
       3
       2
       2
       0
       1
       2
       0
       2
       2
       1
       2
       2
       2
       3
       7
       1
       7
       4
       3
       1
       2
       0
       1
       2
       0
       0
       4
       2
       2
       1
       2
       1
       0
       2
       2
       3
       1
       3
       1
       3
       0
       0
       2
       2
       0
       0
       1
       3
       0
       1
       2
       3
       2
       1
       0
       0
       1
       1
       1
       2
       3
       0
       1
       1
       4
       0
       1
       0
       0
       1
       2
       1
       2
       1
       0
       0
       1
       1
       1
       2
       1
       2
       3
       2
       1
       3
       2
       2
       3
       1
       0
       0
       0
       3
       3
       1
       2
       3
       1
       2
       0
       2
       1
       1
       0
       0
       1
       1
       3
       1
       0
       2
       1
       1
       2
       1
       0
       1
       1
       5
       3
       0
       3
       0
       2
       0
       2
       1
       3
       2
       1
       2
       3
       1
       2
       1
       1
       1
       3
       7
       9
      14
      39
      89
     148
     160
     138
     135
      75
      40
       4
       6
       2
       4
       2
       2
       1
       0
       1
       4
       1
       1
       1
       0
       2
       0
       2
       1
       2
       1
       0
       0
       2
       0
       2
       0
       1
       0
       1
       1
       0
       1
       1
       0
       0
       1
       0
       2
       1
       1
       1
       1
       0
       0
       0
       3
       1
       2
       0
       1
       1
       0
       1
       0
       0
       1
       3
       0
       3
       1
       1
       0
       1
       2
       1
       2
       0
       0
       0
       2
       1
       2
       2
       1
       1
       0
       2
       3
       1
       0
       0
       0
       1
       2
       3
       2
       1
       1
       0
       2
       1
       0
       0
       0
       0
       2
       0
       1
       3
       1
       1
       1
       0
       0
       3
       3
       1
       2
       1
       1
       1
       0
       3
       2
       2
       1
       1
       4
       2
       1
       2
       1
       1
       0
       1
       1
       1
       0
       1
       1
       3
       0
       3
       1
       0
       2
       1
       1
       0
       1
       0
       2
       2
       2
       1
       1
       3
       2
       0
       1
       0
       1
       0
       1
       1
       0
       0
       0
       1
       0
       0
       1
       0
       2
       0
       1
       1
       0
       1
       0
       2
       1
       1
       1
       1
       0
       0
       1
       1
       0
       2
       1
       2
       2
       1
       0
       0
       2
       2
       0
       1
       0
       0
       2
       1
       1
       0
       0
       2
       2
       0
       0
       1
       2
       1
       1
       0
       0
       1
       1
       1
       2
       2
       1
       0
       0
       0
       1
       0
       1
       0
       0
       1
       1
       0
       0
       1
       1
       0
       0
       0
       0
       0
       1
       0
       0
       0
       2
       0
       1
       0
       1
       1
       0
       0
       2
       0
       0
       1
       0
       0
       2
       0
       1
       1
       1
       2
       1
       0
       1
       0
       0
       0
       3
       0
       0
       2
       1
       2
       1
       0
       1
       2
       1
       0
       2
       0
       0
       0
       0
       3
       0
       3
       0
       1
       2
       2
       0
       2
       2
       0
       1
       1
       3
       1
       0
       0
       3
       1
       1
       3
       1
       1
       1
       2
       3
       2
       2
       4
       2
       3
       2
       1
       3
       3
       6
       4
       3
       5
       6
       8
       1
       1
       0
       0
       0
       1
       3
       1
       0
       1
       1
       0
       0
       1
       1
       1
       1
       0
       1
       1
       2
       1
       1
       0
       3
       0
       1
       1
       0
       0
       0
       2
       0
       1
       0
       1
       0
       0
       1
       0
       0
       0
       1
       0
       0
       1
       0
       1
       0
       0
       0
       1
       1
       1
       5
       0
       0
       0
       1
       0
       0
       0
       1
       0
       2
       3
       2
       1
       2
       1
       1
       0
       1
       0
       0
       0
       0
       1
       0
       0
       1
       1
       0
       1
       0
       0
       0
       0
       1
       0
       0
       1
       0
       5
       1
       1
       1
       1
       0
       1
       1
       0
       1
       0
       2
       0
       0
       1
       1
       0
       0
       0
       1
       2
       1
       1
       2
       2
       0
       0
       3
       1
       1
       0
       1
       0
       1
       1
       0
       1
       1
       0
       0
       1
       0
       0
       0
       0
       0
       0
       1
       1
       0
       1
       1
       0
       0
       0
       0
       0
       1
       0
       1
       1
       0
       1
       1
       1
       1
       0
       0
       0
       0
       0
       2
       0
       3
       2
       0
       2
       0
       1
       0
       0
       0
       0
       0
       0
       2
       1
       0
       1
       2
       0
       0
       0
       1
       1
       0
       1
       1
       0
       1
       0
       0
       2
       1
       0
       0
       1
       2
       0
       1
       0
       0
       0
       2
       1
       2
       0
       0
       1
       0
       1
       0
       1
       0
       0
       0
       0
       0
       1
       1
       1
       1
       2
       0
       0
       0
       3
       0
       0
       0
       1
       1
       0
       1
       0
       0
       1
       0
       1
       0
       2
       1
       0
       0
       0
       2
       0
       1
       1
       0
       0
       0
       0
       3
       1
       1
       1
       1
       0
       0
       0
       1
       0
       0
       0
       1
       1
       3
       0
       0
       1
       0
       3
       1
       0
       1
       0
       1
       0
       1
       0
       0
       0
       1
       1
       0
       1
       0
       0
       0
       0
       0
       0
       0
       0
       0
       0
       1
       0
       0
       1
       1
       0
       1
       0
       0
       0
       0
       0
       1
       0
       1
       0
       0
       1
       2
       0
       0
       1
       1
       1
       0
       0
       0
       2
       0
       1
       3
       2
       4
       3
       4
       0
       0
       0
       2
       0
       0
       0
       0
       0
       0
       1
       2
       0
       0
       2
       0
       0
       0
       1
       1
       0
       0
       1
       0
       1
       1
       1
       0
       0
       0
       1
       0
       1
       1
       0
       0
       0
       1
       1
       0
       0
       2
       2
       0
       2
       1
       0
       3
       1
       0
       1
       1
       0
       0
       0
       0
       0
       0
       0
       0
       1
       0
       2
       1
       0
       0
       0
       0
       0
       1
       0
       1
       1
       0
       1
       1
       0
       1
       5
       4
       5
       8
      12
      14
      12
       8
      11
       4
       3
       0
       1
       1
       0
       0
       0
       0
       0
       0
       0
       0
       0
       1
       0
       1
       0
       1
       0
       0
       1
       1
       0
       0
       0
       0
       1
       0
       1
       2
       0
       1
       1
       0
       0
       0
       1
       1
       0
       0
       0
       1
       1
       0
       0
       1
       0
       1
       2
       1
       0
       0
       1
       1
       0
       1
       0
       0
       1
       1
       0
       0
       0
       0
       1
       0
       1
       2
       1
       0
       0
       0
       1
       0
       0
       0
       0
       0
       1
       0
       1
       0
       1
       0
       1
       0
       0
       1
       0
       0
       0
       0
       0
       0
       2
       0
       0
       0
       0
       0
       0
       0
       1
       0
       0
       0
       0
       1
       1
       1
       0
       0
       1
       0
       0
       0
       0
       2
       1
       1
       1
       1
       0
       0
       0
       0
       0
       0
       1
       0
       0
       0
       2
       0
       0
       0
       0
       1
       0
       0
       3
       2
       0
       1
       0
       0
       2
       0
       2
       1
       0
       1
       2
       2
       0
       1
       0
       0
       1
       1
       1
       0
       0
       0
       0
       1
       1
       1
       0
       0
       0
       1
       0
       0
       1
       1
       0
       0
       0
       0
       0
       1
       1
       0
       0
       2
       0
       1
       0
       1
       1
       1
       1
       0
       0
       2
       1
       3
       0
       3
       0
       2
       3
       2
       2
       0
       0
       1
       0
       0
       0
       1
       0
       1
       1
       2
       2
       0
       0
       0
       1
       0
       0
       1
       3
       1
       0
       1
       1
       1
       0
       0
       0
       0
       0
       1
       0
       0
       2
       1
       0
       1
       0
       0
       1
       0
       0
       1
       2
       1
       0
       0
       2
       1
       1
       1
       0
       0
       0
       1
       1
       1
       0
       0
       0
       0
       1
       1
       0
       1
       0
       3
       1
       2
       0
       0
       1
       0
       1
       0
       1
       0
       1
       0
       0
       0
       1
       0
       0
       1
       0
       1
       0
       3
       0
       0
       0
       0
       0
       0
       0
       0
       1
       1
       1
       0
       0
       1
       1
       1
       0
       0
       1
       0
       0
       0
       1
       0
       0
       1
       1
       1
       0
       3
       0
       1
       0
       0
       0
       2
       2
       1
       0
       0
       1
       0
       0
       0
       0
       0
       0
       2
       0
       0
       0
       0
       1
       0
       1
       0
       3
       0
       1
       1
       0
       1
       2
       1
       2
       0
       0
       0
       1
       2
       0
       0
       0
       0
       2
       0
       4
       1
       0
       0
       0
       1
       1
       1
       0
       0
       0
       0
       0
       0
       1
       0
       0
       0
       1
       0
       0
       1
       1
       0
       0
       0
       1
       0
       0
       0
       0
       1
       0
       1
       0
       1
       0
       1
       0
       0
       1
       0
       0
       0
       0
       0
       0
       3
       0
       0
       1
       0
       0
       1
       1
       1
       0
       0
       2
       2
       2
       2
       1
       0
       0
       0
       0
       0
       1
       1
       0
       0
       0
       1
       0
       0
       0
       1
       0
       2
       1
       3
       1
       1
       0
       1
       1
       1
       0
       0
       0
       0
       1
       0
       1
       0
       0
       0
       0
       0
       0
       1
       0
       1
       1
       0
       0
       0
       1
       0
       1
       0
       0
       0
       0
       1
       0
       0
       0
       1
       0
       0
       2
       0
       0
       0
       0
       1
       0
       1
       0
       0
       0
       0
       0
       1
       0
       1
       1
       1
       0
       0
       2
       0
       1
       0
       1
       0
       0
       2
       0
       0
       1
       0
       0
       0
       1
       0
       0
       0
       0
       0
       0
       0
       0
       1
       0
       1
       0
       0
       0
       0
       2
       0
       0
       0
       1
       1
       0
       0
       0
       0
       0
       0
       1
       0
       0
       0
       0
       0
       0
       1
       1
       1
       0
       0
       0
       1
       0
       0
       0
       1
       0
       1
       0
       0
       0
       1
       0
       2
       0
       3
       0
       0
       1
       1
       0
       0
       1
       0
       2
       1
       0
       0
       1
       0
       0
       0
       1
       1
       0
       0
       1
       0
       1
       0
       0
       0
       0
       1
       0
       2
       0
       1
       0
       2
       0
       0
       0
       0
       0
       1
       1
       0
       1
       0
       0
       1
       1
       0
       0
       1
       0
       0
       1
       1
       0
       1
       1
       0
       0
       0
       1
       0
       0
       0
       0
       1
       0
       0
       0
       0
       0
       0
       0
       0
       0
       1
       0
       0
       1
       0
       0
       1
       0
       1
       0
       1
       1
       0
       0
       0
       0
       1
       1
       0
       1
       0
       1
       0
       0
       0
       1
       0
       0
       1
       1
       0
       0
       0
       1
       1
       1
       1
       1
       0
       0
       0
       0
       1
       0
       0
       2
       2
       0
       0
       1
       0
       1
       0
       0
       0
       0
       1
       0
       1
       0
       0
       0
       0
       0
       0
       1
       1
       0
       1
       0
       0
       1
       0
       2
       0
       1
       0
       0
       1
       0
       0
       0
       1
       0
       0
       0
       0
       0
       0
       0
       0
       0
       0
       0
       0
       1
       2
       0
       0
       0
       0
       1
       0
       1
       0
       0
       0
       0
       0
       1
       0
       1
       0
       0
       0
       0
       0
       0
       0
       3
       1
       0
       0
       0
       1
       2
       0
       1
       1
       1
       0
       0
       1
       1
       2
       0
       0
       0
       0
       0
       0
       1
       0
       0
       2
       0
       0
       2
       0
       2
       1
       0
       0
       0
       0
       1
       0
       0
       0
       0
       0
       1
       2
       1
       1
       2
       3
       2
       1
       3
       3
       2
       2
       1
       1
       0
       1
       2
       1
       1
       2
       0
       0
       1
       0
       0
       1
       1
       0
       1
       0
       0
       0
       0
       0
       1
       1
       0
       0
       1
       0
       3
       0
       2
       1
       0
       0
       0
       2
       0
       0
       0
       1
       1
       0
       0
       0
       0
       0
       1
       1
       0
       1
       0
       0
       0
       0
       1
       1
       0
       0
       0
       0
       0
       0
       0
       1
       0
       0
       0
       0
       0
       2
       3
       0
       0
       1
       0
       0
       0
       0
       1
       0
       0
       0
       1
       1
       0
       1
       0
       0
       2
       0
       0
       1
       0
       0
       0
       0
       0
       1
       0
       0
       1
       0
       0
       1
       2
       0
       0
       1
       1
       0
       0
       1
       0
       0
       0
       0
       2
       0
       1
       1
       0
       0
       0
       0
       0
       0
       0
       1
       0
       0
       0
       0
       0
       0
       1
       0
       0
       0
       1
       1
       0
       1
       1
       1
       0
       0
       0
       0
       1
       0
       0
       0
       1
       0
       1
       0
       1
       0
       0
       0
       0
       0
       0
       0
       0
       1
       1
       0
       1
       0
       0
       0
       1
       1
       0
       0
       0
       0
       0
       0
       0
       1
       0
       0
       2
       0
       2
       1
       1
       2
       2
       0
       0
       1
       0
       0
       1
       0
       0
       1
       0
       0
       1
       0
       0
       0
       1
       1
       0
       0
       0
       1
       0
       1
       1
       0
       0
       0
       0
       0
       0
       0
       1
       0
       0
       0
       0
       0
       0
       0
       3
       1
       1
       0
       0
       1
       1
       0
       1
       4
       4
       4
       3
       3
       2
       4
       1
       1
       0
       0
       0
       1
       0
       1
       1
       0
       0
       0
       1
       0
       0
       0
       2
       0
       0
       1
       0
       1
       0
       1
       0
       1
       0
       1
       2
       2
       1
       0
       0
       0
       1
       0
       0
       0
       0
       0
       1
       0
       1
       1
       0
       1
       1
       1
       2
       0
       0
       3
       2
       0
       0
       0
       0
       0
       0
       0
       0
       0
       0
       0
       0
       0
       1
       0
       0
       0
       0
       0
       0
       0
       0
       1
       0
       0
       0
       0
       0
       0
       0
       0
       0
       0
       1
       1
       0
       0
       0
       1
       0
       0
       0
       0
       1
       0
       1
       0
       0
       0
       0
       1
       1
       0
       0
       0
       2
       0
       0
       1
       0
       1
       0
       1
       0
       1
       0
       0
       0
       0
       0
       1
       0
       0
       0
       0
       0
       0
       1
       0
       0
       0
       0
       0
       1
       0
       1
       0
       0
       0
       1
       0
       1
       2
       0
       0
       0
       2
       0
       1
       0
       0
       1
       0
       0
       1
       0
       0
       0
       1
       0
       1
       2
       0
       1
       0
       0
       0
       0
       0
       0
       1
       0
       2
       0
       0
       0
       0
       1
       0
       1
       0
       0
       0
       1
       0
       0
       0
       1
       0
       0
       2
       0
       0
       0
       1
       0
       0
       0
       0
       0
       0
       0
       1
       1
       0
       0
       0
       1
       1
       1
       1
       0
       1
       2
       1
       0
       0
       1
       1
       1
       0
       0
       1
       0
       1
       1
       0
       0
       1
       0
       3
       0
       0
       1
       0
       0
       1
       0
       0
       0
       0
       0
       1
       0
       0
       0
       0
       0
       0
       0
       1
       0
       0
       1
       1
       1
       1
       1
       0
       0
       0
       1
       0
       0
       0
       2
       1
       1
       0
       1
       1
       0
       0
       1
       0
       0
       0
       0
       1
       0
       0
       0
       0
       1
       0
       0
       1
       1
       0
       0
       2
       0
       0
       0
       0
       0
       1
       0
       0
       2
       2
       1
       1
       0
       2
       1
       0
       0
       2
       2
       0
       0
       1
       1
       1
       1
       0
       0
       0
       0
       1
       0
       2
       1
       1
       0
       1
       0
       0
       0
       0
       1
       1
       0
       1
       0
       2
       1
       0
       1
       1
       1
       1
       1
       1
       2
       5
       1
       0
       0
       0
       1
       0
       0
       0
       1
       0
       0
       1
       0
       2
       1
       3
       1
       0
       1
       1
       1
       0
       1
       0
       1
       0
       0
       1
       1
       1
       0
       0
       0
       0
       1
       1
       0
       1
       1
       0
       0
       0
       0
       2
       2
       2
       0
       0
       0
       0
       0
       2
       0
       1
       0
       0
       1
       0
       0
       1
       0
       1
       1
       0
       2
       0
       0
       0
       0
       0
       0
       0
       0
       1
       2
       0
       1
       2
       0
       1
       0
       0
       0
       1
       0
       0
       0
       0
       0
       1
       0
       0
       1
       1
       0
       1
       0
       0
       0
       1
       1
       0
       0
       0
       0
       0
       1
       1
       0
       0
       1
       2
       1
       1
       0
       0
       0
       0
       1
       0
       1
       0
       0
       1
       1
       0
       1
       1
       0
       1
       0
       0
       0
       0
       0
       0
       0
       0
       0
       0
       0
       1
       0
       1
       0
       0
       0
       0
       0
       0
       1
       0
       1
       0
       0
       0
       0
       1
       0
       0
       1
       1
       0
       0
       0
       0
       0
       0
       1
       0
       0
       1
       1
       1
       0
       1
       0
       0
       1
       0
       0
       0
       0
       0
       1
       2
       0
       1
       1
       0
       0
       0
       0
       0
       1
       0
       0
       0
       0
       0
       0
       0
       0
       0
       0
       0
       0
       0
       0
       0
       0
       1
       0
       0
       0
       0
       0
       1
       0
       0
       0
       1
       1
       0
       0
       0
       0
       0
       1
       0
       0
       1
       1
       0
       0
       0
       0
       0
       1
       0
       2
       0
       1
       1
       1
       0
       0
       1
       0
       1
       0
       0
       0
       0
       0
       1
       0
       0
       0
       1
       0
       0
       0
       0
       0
       2
       1
       0
       0
       0
       0
       0
       0
       0
       0
       0
       0
       0
       0
       0
       1
       0
       0
       1
       0
       1
       0
       0
       0
       0
       0
       0
       0
       0
       1
       0
       0
       0
       0
       0
       0
       0
       0
       0
       0
       0
       1
       0
       0
       0
       0
       0
       0
       0
       0
       0
       1
       0
       0
       0
       0
       0
       0
       0
       0
       0
       0
       1
       2
       0
       0
       0
       1
       0
       0
       0
       0
       0
       0
       0
       1
       1
       0
       0
       0
       0
       0
       0
       0
       0
       0
       0
       0
       0
       0
       0
       0
       0
       0
       0
       0
       0
       0
       0
       0
       0
       0
       0
       0
       0
       0
       1
       0
       0
       0
       0
       1
       0
       0
       0
       0
       0
       0
       0
       0
       0
       0
       0
       0
       1
       0
       0
       1
       0
       0
       0
       0
       0
       0
       0
       0
       1
       0
       0
       0
       0
       0
       0
       0
       0
       0
       0
       0
       0
       0
       0
       0
       0
       0
       0
       0
       0
       0
       0
       0
       0
       0
       0
       1
       0
       0
       0
       0
       0
       0
       0
       0
       0
       0
       0
       0
       0
       0
       1
       0
       0
       0
       0
       0
       0
       0
       1
       0
       0
       0
       0
       0
       0
       0
       0
       0
       0
       0
       0
       0
       0
       0
       0
       0
       0
       0
       0
       0
       0
       0
       0
       0
       0
       0
       0
       0
       1
       0
       0
       0
       0
       0
       0
       1
       0
       0
       0
       0
       0
       0
       0
       0
       0
       0
       0
       0
       0
       0
       0
       0
       0
       0
       0
       0
       0
       0
       0
       0
       0
       1
       0
       0
       0
       0
       0
       0
       0
       0
       0
       0
       0
       0
       0
       0
       0
       0
       0
       0
       0
       0
       0
       0
       0
       0
       0
       0
       1
       0
       0
       0
       1
       0
       0
       0
       0
       0
       0
       0
       0
       0
       0
       0
       0
       1
       0
       0
       0
       0
       0
       0
       0
       0
       0
       0
       0
       0
       0
       0
       0
       0
       0
       0
       0
       0
       0
       0
       0
       0
       0
       1
       0
       0
       0
       0
       0
       0
       0
       0
       1
       0
       0
       0
       0
       0
       0
       0
       0
       0
       0
       0
       0
       0
       0
       0
       0
       0
       0
       1
       0
       0
       0
       0
       0
       0
       0
       1
       0
       0
       0
       0
       0
       0
       0
       0
       0
       0
       0
       0
       0
       0
       0
       0
       0
       0
       0
       0
       0
       1
       0
       4
       3
       3
       3
       7
      17
      14
      14
      11
      13
       4
       1
       2
       1
       0
       0
       0
       0
       0
       0
       0
       0
       1
       0
       0
       0
       0
       0
       0
       0
       0
       0
       0
       0
       0
       0
       0
       0
       0
       0
       0
       0
       0
       0
       1
       0
       0
       0
       0
       0
       0
       0
       0
       0
       0
       0
       0
       0
       0
       0
       0
       0
       0
       0
       0
       0
       0
       0
       0
       0
       0
       0
       0
       0
       0
       0
       0
       0
       0
       0
       0
       0
       0
       0
       0
       0
       0
       0
       0
       0
       0
       0
       0
       0
       0
       0
       0
       0
       0
       0
       0
       0
       0
       0
       0
       0
       0
       0
       0
       0
       0
       0
       0
       0
       0
       1
       0
       0
       0
       0
       0
       0
       0
       0
       0
       0
       0
       0
       0
       0
       0
       0
       0
       0
       0
       0
       0
       0
       0
       0
       0
       0
       0
       0
       0
       0
       0
       0
       0
       0
       0
       0
       0
       0
       0
       0
       0
       0
       0
       0
       0
       0
       0
       0
       0
       0
       0
       0
       0
       0
       0
       0
       0
       0
       0
       0
       0
       0
       0
       0
       0
       0
       0
       0
       0
       0
       0
       0
       0
       0
       0
       0
       0
       0
       0
       0
       0
       0
       0
       0
       1
       0
       0
       0
       0
       0
       0
       0
       0
       0
       0
       0
       0
       0
       0
       0
       0
       0
       0
       0
       0
       0
       0
       0
       0
       0
       0
       0
       0
       0
       0
       0
       0
       0
       0
       0
       0
       0
       0
       0
       0
       0
       0
       0
       0
       0
       0
       0
       0
       0
       0
       0
       0
       0
       0
       0
       0
       0
       0
       0
       0
       0
       0
       0
       0
       0
       0
       0
       0
       0
       0
       0
       0
       0
       0
       0
       0
       0
       0
       0
       0
       0
       0
       0
       0
       0
       0
       0
       0
       0
       0
       0
       0
       0
       0
       0
       0
       0
       0
       0
       0
       0
       0
       0
       0
       0
       0
       0
       0
       0
       0
       0
       0
       0
       0
       0
       0
       0
       0
       0
       0
       0
       0
       0
       0
       0
       0
       0
       0
       0
       0
       0
       0
       0
       0
       0
       0
       0
       0
       0
       0
       0
       0
       0
       0
       0
       0
       0
       0
       0
       0
       0
       0
       0
       0
       0
       0
       0
       0
       0
       0
       0
       0
       0
       0
       0
       0
       0
       0
       0
       0
       0
       0
       0
       0
       0
       0
       0
       0
       0
       0
       0
       0
       0
       0
       0
       0
       0
       0
       0
       0
       0
       0
       0
       0
       0
       0
       0
       0
       0
       0
       0
       0
       0
       0
       0
       0
       0
       0
       0
       0
       0
       0
       0
       0
       0
       0
       0
       0
       0
       0
       0
       0
       0
       0
       0
       0
       0
       0
       0
       0
       0
       0
       0
       0
       0
       0
       0
       0
       0
       0
       0
       0
       0
       0
       0
       0
       0
       0
       0
       0
       0
       0
       0
       0
       0
       0
       1
       0
       0
       0
       0
       0
       0
       1
       0
       0
       0
       0
       0
       0
       0
       0
       0
       0
       0
       0
       0
       0
       0
       0
       0
       0
       0
       0
       0
       1
       0
       0
       0
       0
       0
       0
       0
       0
       0
       0
       0
       0
       0
       0
       0
       0
       1
       0
       0
       0
       0
       0
       0
       0
       0
       0
       0
       0
       0
       0
       0
       0
       0
       0
       0
       0
       0
       0
       0
       0
       0
       0
       0
       0
       0
       0
       0
       0
       0
       0
       0
       0
       0
       0
       0
       0
       0
       0
       0
       0
       0
       0
       0
       0
       0
       0
       0
       0
       0
       0
       0
       0
       0
       0
       0
       0
       0
       0
       0
       0
       0
       0
       0
       0
       0
       0
       0
       0
       0
       0
       0
       0
       0
       0
       0
       0
       0
       0
       0
       0
       0
       0
       0
       0
       0
       0
       0
       0
       0
       0
       0
       0
       0
       0
       0
       0
       0
       0
       0
       0
       0
       0
       0
       0
       0
       0
       0
       0
       0
       0
       0
       0
       0
       0
       0
       0
       0
       0
       0
       0
       0
       0
       0
       0
       0
       0
       0
       0
       0
       0
       0
       0
       0
       0
       0
       0
       0
       0
       0
       0
       0
       0
       0
       1
       0
       0
       0
       0
       0
       0
       0
       0
       0
       0
       0
       0
       0
       0
       0
       0
       0
       0
       0
       0
       0
       0
       0
       0
       0
       0
       0
       0
       0
       0
       0
       0
       0
       0
       0
       0
       0
       0
       0
       0
       0
       0
       0
       0
       0
       0
       0
       0
       0
       0
       0
       0
       0
       0
       0
       0
       0
       0
       0
       0
       0
       0
       0
       0
       0
       0
       0
       0
       0
       0
       0
       0
       0
       1
       0
       0
       0
       0
       0
       0
       0
       0
       0
       0
       0
       0
       0
       0
       0
       0
       0
       0
       0
       0
       0
       0
       0
       0
       0
       0
       0
       0
       0
       0
       0
       0
       0
       0
       0
       0
       0
       0
       0
       0
       0
       0
       0
       1
       0
       0
       0
       0
       0
       0
       0
       0
       0
       0
       0
       0
       0
       0
       0
       0
       0
       0
       0
       0
       0
       0
       0
       0
       0
       0
       0
       0
       0
       0
       0
       0
       0
       0
       0
       0
       0
       0
       0
       0
       0
       0
       0
       0
       0
       0
       0
       0
       0
       0
       0
       0
       0
       0
       0
       0
       0
       0
       0
       0
       0
       0
       0
       0
       0
       0
       0
       0
       0
       0
       0
       0
       0
       0
       0
       0
       0
       0
       0
       0
       0
       0
       0
       0
       0
       0
       0
       0
       0
       0
       0
       0
       0
       0
       0
       0
       0
       0
       0
       0
       0
       0
       0
       0
       0
       0
       0
       0
       0
       0
       0
       0
       0
       0
       0
       0
       0
       0
       0
       0
       0
       0
       0
       0
       0
       0
       0
       0
       0
       0
       0
       0
       0
       0
       0
       0
       0
       0
       0
       0
       0
       0
       0
       0
       0
       0
       0
       0
       0
       0
       0
       0
       0
       0
       0
       0
       0
       0
       0
       0
       0
       0
       0
       0
       0
       0
       0
       0
       0
       0
       0
       0
       0
       0
       0
       0
       0
       0
       0
       0
       0
       0
       0
       0
       0
       0
       0
       0
       0
       0
       0
       0
       0
       0
       0
       0
       0
       0
       0
       0
       0
       0
       0
       0
       0
       0
       0
       0
       0
       0
       0
       0
       0
       0
       0
       0
       0
       0
       0
       0
       0
       0
       0
       0
       0
       0
       0
       0
       0
       0
       0
       0
       0
       0
       0
       0
       0
       0
       0
       0
       0
       0
       1
       0
       0
       0
       0
       0
       0
       0
       0
       0
       0
       0
       0
       0
       0
       0
       0
       0
       0
       0
       0
       0
       0
       0
       0
       0
       0
       0
       0
       0
       0
       0
       0
       0
       0
       0
       0
       0
       0
       0
       0
       0
       0
       0
       0
       0
       0
       0
       0
       0
       0
       0
       0
       0
       0
       0
       0
       0
       0
       0
       0
       0
       0
       0
       0
       0
       0
       0
       0
       0
       0
       0
       0
       0
       0
       0
       0
       0
       0
       0
       0
       0
       0
       0
       0
       0
       0
       0
       0
       0
       0
       0
       0
       0
       0
       0
       0
       0
       0
       0
       0
       0
       0
       0
       0
       0
       0
       0
       0
       0
       0
       0
       0
       0
       0
       0
       0
       0
       0
       0
       0
       0
       0
       0
       0
       0
       0
       0
       0
       0
       0
       0
       0
       0
       0
       0
       0
       0
       0
       0
       0
       0
       0
       1
       0
       0
       0
       0
       0
       0
       0
       0
       0
       0
       0
       0
       0
       0
       0
       0
       0
       0
       0
       0
       0
       0
       0
       0
       0
       0
       0
       0
       0
       0
       0
       0
       0
       0
       0
       0
       0
       0
       0
       0
       0
       0
       0
       0
       0
       0
       0
       0
       0
       0
       0
       0
       0
       0
       0
       0
       0
       0
       0
       0
       0
       0
       0
       0
       0
       0
       0
       0
       0
       0
       0
       0
       0
       0
       0
       0
       0
       0
       0
       0
       0
       0
       0
       0
       0
       0
       0
       0
       0
       0
       0
       0
       0
       0
       0
       0
       0
       0
       0
       0
       0
       0
       0
       0
       0
       0
       0
       0
       0
       0
       0
       0
       0
       0
       0
       0
       0
       0
       0
       0
       0
       0
       0
       0
       1
       0
       0
       0
       0
       0
       0
       0
       0
       0
       0
       0
       0
       0
       0
       0
       0
       0
       0
       0
       0
       0
       0
       0
       0
       0
       0
       0
       0
       0
       0
       0
       0
       0
       1
       0
       0
       0
       0
       0
       0
       0
       0
       0
       0
       1
       0
       0
       0
       0
       0
       0
       0
       0
       0
       0
       0
       0
       0
       0
       0
       0
       0
       0
       0
       0
       0
       0
       0
       0
       0
       0
       0
       0
       0
       0
       0
       0
       0
       0
       0
       1
       0
       0
       0
       0
       0
       0
       0
       0
       0
       0
       0
       0
       0
       0
       0
       0
       0
       0
       0
       0
       0
       0
       0
       0
       0
       0
       0
       0
       0
       0
       0
       0
       0
       0
       0
       0
       0
       0
       0
       0
       0
       0
       0
       0
       0
       0
       0
       0
       0
       0
       0
       0
       0
       0
       0
       0
       0
       0
       0
       0
       0
       0
       0
       0
       0
       0
       0
       0
       0
       0
       0
       0
       0
       0
       0
       0
       0
       0
       0
       0
       0
       0
       0
       0
       0
       0
       0
       0
       0
       0
       0
       0
       0
       0
       0
       0
       0
       0
       0
       0
       0
       0
       0
       0
       0
       0
       0
       0
       0
       0
       0
       0
       0
       0
       0
       0
       0
       0
       0
       0
       0
       0
       0
       0
       0
       0
       0
       0
       0
       0
       0
       0
       0
       0
       0
       0
       1
       0
       0
       0
       0
       0
       0
       0
       0
       0
       0
       0
       0
       0
       0
       0
       0
       0
       0
       0
       0
       0
       0
       0
       0
       0
       0
       0
       0
       0
       0
       0
       0
       0
       0
       0
       0
       0
       0
       0
       0
       0
       0
       0
       0
       0
       0
       0
       0
       0
       0
       0
       0
       0
       0
       0
       0
       0
       0
       0
       0
       0
       0
       0
       0
       0
       0
       0
       0
       0
       0
       0
       0
       0
       0
       0
       0
       0
       0
       0
       0
       0
       0
       0
       0
       0
       0
       0
       0
       0
       0
       0
       0
       0
       0
       0
       0
       0
       0
       0
       0
       0
       0
       0
       0
       0
       0
       0
       0
       0
       0
       0
       0
       0
       0
       0
       0
       0
       0
       0
       0
       0
       0
       0
       0
       0
       0
       0
       0
       0
       0
       0
       0
       0
       0
       0
       0
       0
       0
       0
       0
       0
       0
       0
       0
       0
       0
       0
       0
       0
       0
       0
       0
       0
       0
       0
       0
       0
       0
       0
       0
       0
       0
       0
       0
       0
       0
       0
       0
       0
       0
       0
       0
       0
       0
       0
       0
       0
       0
       0
       0
       0
       0
       0
       0
       0
       0
       0
       0
       0
       0
       0
       0
       0
       0
       0
       0
       0
       0
       0
       0
       0
       0
       0
       0
       0
       0
       0
       0
       0
       0
       0
       0
       0
       0
       0
       0
       0
       0
       0
       0
       0
       0
       0
       0
       0
       0
       0
       0
       0
       0
       0
       0
       0
       0
       0
       0
       0
       0
       0
       0
       0
       0
       0
       0
       0
       0
       0
       0
       0
       0
       0
       0
       0
       0
       0
       0
       0
       0
       0
       0
       0
       0
       0
       0
       0
       0
       0
       0
       0
       0
       0
       0
       0
       0
       0
       0
       0
       0
       0
       0
       0
       0
       0
       0
       0
       0
       0
       0
       0
       0
       0
       0
       0
       0
       0
       0
       0
       0
$ROI:
3
2849 2910
3245 3293
5349 5366
$PRESETS:
None
0
0
$ENER_FIT:
2.173241 0.407524
$MCA_CAL:
3
2.173241E+000 4.075244E-001 0.000000E+000 keV
$SHAPE_CAL:
3
5.213420E-001 1.196432E-003 0.000000E+000
