$SPEC_ID:
No sample description was entered.
$SPEC_REM:
DET# 1
DETDESC# DESKTOP-PNQJTCJ Easy-MCA-8k SN 09161357
AP# Maestro Version 7.01
$DATE_MEA:
09/30/2020 10:54:19
$MEAS_TIM:
514 516
$DATA:
0 8191
       0
       0
       0
       0
       0
       0
       0
       0
       0
       0
       0
       0
       0
       0
       0
       0
       0
       0
       0
       0
       0
       0
       0
       0
       0
       0
       0
       0
       0
       0
       0
       0
       0
       0
       0
       0
       0
       0
       0
       0
       0
       0
       0
       0
       0
       0
       0
       0
       0
       0
       0
       0
       0
       0
       0
       0
       0
       0
       0
       0
       0
       0
       0
       0
       0
       0
       0
       0
       0
       0
       0
       0
       0
       0
       0
       0
       0
       0
       0
       0
       0
       0
       0
       0
       0
       0
       0
       0
       0
       0
       0
       0
       0
       0
       0
       0
       0
       0
       0
       0
       0
       0
       0
       0
       0
       0
       0
       0
       0
       0
       0
       0
       0
       0
       0
       0
       0
       0
       0
       0
       0
       0
       0
       0
       0
       0
       0
       0
       0
       0
       0
       0
       0
       0
       0
       0
       0
       0
       0
       0
       0
       0
       0
       0
       0
       0
       0
       0
       0
       0
       0
       0
       0
       0
       0
       0
       0
       0
       0
       0
       0
       0
       0
       0
       0
       0
       0
       0
       0
       0
       0
       0
       0
       0
       0
       0
       0
       0
       0
       0
       0
       0
       0
       0
       0
       0
       0
       0
       0
       0
       1
       0
       1
       3
       7
       7
      15
      24
     107
     193
     199
     180
     170
     216
     207
     228
     212
     212
     173
     189
     211
     220
     237
     207
     182
     167
     196
     193
     211
     204
     164
     210
     194
     185
     191
     183
     180
     192
     201
     165
     181
     176
     198
     184
     168
     181
     150
     154
     186
     193
     161
     171
     181
     195
     169
     163
     180
     177
     167
     172
     177
     175
     163
     190
     186
     173
     181
     171
     151
     159
     169
     183
     172
     159
     167
     155
     184
     177
     179
     147
     183
     145
     146
     151
     169
     160
     135
     152
     157
     158
     175
     152
     183
     164
     159
     163
     143
     133
     140
     132
     141
     184
     148
     160
     156
     142
     122
     141
     140
     150
     153
     148
     119
     124
     129
     166
     125
     156
     135
     136
     155
     153
     130
     117
     142
     142
     159
     130
     135
     127
     132
     124
     145
     124
     116
     120
     117
     113
     125
     137
     134
     112
     138
     122
     104
     119
     126
     125
     119
     104
     135
     118
     120
     130
     125
     118
     129
     109
     122
     122
     136
     119
     121
     112
     110
     113
      87
      97
     112
     105
     116
      90
     102
     101
     114
     106
     109
     108
     127
     102
      99
      94
      98
     100
     112
     100
     109
     120
     108
     104
      98
     113
      87
      92
      99
     109
     102
      89
     104
     100
      90
     109
      96
      83
      91
      85
      95
      95
      90
      92
      78
      92
      97
      95
     107
      93
      86
      88
      89
      90
      77
      96
      87
      82
      88
      82
      77
      81
      72
      93
      72
      91
      79
      86
     103
      79
      82
      80
      79
      90
      83
      81
      88
      80
      76
      75
      84
      86
      78
      76
      85
      81
      77
      85
      75
      84
      68
      74
      80
      89
      81
      77
      78
      76
      79
      80
      92
      66
      60
      51
      64
      59
      74
      72
      65
      83
      74
      74
      72
      66
      54
      68
      56
      60
      47
      77
      63
      64
      73
      60
      73
      75
      67
      55
      69
      82
      47
      50
      74
      46
      73
      62
      64
      73
      63
      54
      41
      58
      56
      64
      55
      49
      58
      59
      63
      57
      55
      57
      61
      45
      70
      59
      60
      57
      79
      57
      47
      52
      47
      66
      53
      53
      43
      44
      46
      48
      62
      47
      44
      43
      53
      56
      62
      58
      64
      47
      61
      49
      45
      54
      43
      48
      51
      43
      47
      49
      43
      44
      63
      53
      38
      49
      46
      49
      44
      49
      46
      47
      51
      46
      54
      63
      43
      46
      40
      62
      44
      50
      37
      54
      46
      50
      51
      40
      39
      49
      49
      43
      55
      39
      33
      52
     102
     112
     102
      66
      38
      29
      54
      47
      47
      59
      51
      45
      45
      41
      41
      45
      41
      40
      33
      43
      28
      44
      39
      32
      50
      39
      31
      33
      33
      26
      51
      32
      42
      38
      39
      31
      36
      36
      36
      33
      37
      36
      26
      36
      30
      36
      46
      30
      36
      34
      36
      32
      24
      36
      25
      37
      43
      28
      29
      34
      28
      27
      35
      32
      34
      40
      27
      36
      34
      25
      26
      33
      29
      34
      40
      42
      30
      32
      41
      39
      48
      26
      30
      38
      29
      30
      29
      23
      33
      42
      27
      27
      30
      31
      22
      33
      32
      35
      25
      28
      37
      27
      33
      35
      32
      25
      24
      25
      37
      26
      31
      25
      26
      27
      31
      32
      24
      24
      25
      32
      24
      20
      21
      33
      23
      25
      20
      20
      25
      30
      18
      35
      19
      31
      22
      19
      24
      24
      36
      66
      54
      51
      29
      30
      30
      18
      20
      24
      32
      29
      29
      20
      31
      30
      26
      19
      22
      21
      32
      22
      22
      23
      20
      24
      22
      22
      18
      18
      22
      20
      22
      27
      24
      19
      19
      29
      20
      28
      22
      15
      17
      29
      21
      15
      24
      20
      17
      19
      16
      29
      22
      19
      21
      17
      21
      21
       5
      29
      15
      20
      19
      15
      26
      22
      25
      17
      22
      21
      23
      19
      23
      18
      15
      19
      20
      15
      22
      21
      19
      18
      26
      12
      20
      16
      25
      20
      33
      23
      15
      12
      12
      22
      21
      16
      22
      11
      20
      11
      25
      26
      10
      19
      22
      16
      24
      48
      40
      30
      15
      14
      28
      17
      23
      18
      22
      20
      18
      24
      14
      20
      15
      16
      21
      28
      20
      19
      22
      15
      21
      17
      19
      10
      17
      20
      21
      22
      24
      34
      61
      58
      62
      37
      23
      14
      32
      15
      20
      19
      18
      13
      17
      14
      16
      14
      15
      16
      16
      10
      12
      20
      15
      14
      16
      18
      15
      10
      19
      18
      15
      16
       8
      19
       8
      14
       7
      20
      14
      20
      16
      18
      12
      13
      24
      15
      16
      14
      18
      26
      12
      10
      11
      16
       6
      20
      13
      24
      10
      12
      12
      11
      15
      20
      19
      18
      11
      13
      13
      15
      11
      14
      11
      16
      12
      10
      17
      10
      13
      21
      13
      23
      13
      14
      14
      13
      13
      15
       9
      10
      17
       9
       9
      10
      11
      13
      21
      14
      14
      11
       8
       7
      15
       8
      14
      17
      18
      14
      10
      15
      10
      13
      14
      13
      19
      13
       8
      11
      16
      10
      10
      15
      16
      14
      13
      14
      11
      10
      15
      11
      12
      12
      12
      20
      10
      11
      13
      16
       6
      15
      15
       8
      22
      11
      12
      12
       9
       9
      12
      16
      17
       9
      12
      20
      12
       7
       6
      11
      19
      15
      10
      10
       6
      14
       8
      12
       8
       7
       9
      16
       8
       6
      12
      10
      16
      12
      20
      10
      11
      13
      11
       7
       7
      15
       6
      10
      14
       8
      12
      11
       8
       5
       9
      10
      14
      10
       5
      12
      10
      10
      13
      11
      10
      15
      11
      13
       5
       9
      15
      10
      13
      14
      17
      12
      13
       7
      10
       9
      14
       9
      12
       6
       9
      12
      10
      16
       9
      12
      13
       7
       8
      15
      12
      10
      12
       9
      10
      10
      10
       8
       9
       6
      14
       7
      13
      10
      13
      12
       8
       5
      11
       9
       7
       7
      13
       8
       9
       7
       8
       9
      13
      18
       7
      13
       9
       7
       7
      11
       5
      18
       7
       6
      13
      17
      13
      11
       9
       7
      10
       4
      14
      14
       8
      12
       7
      10
       9
      13
      12
       6
      13
       7
       7
       3
       4
       7
      15
       6
       6
       7
       7
      10
      15
      13
       7
       9
       9
      12
       8
      11
       5
      17
       9
       6
       8
       5
       6
      13
      12
      10
      16
       9
       9
      11
      12
      12
      11
       4
      12
      17
      12
       7
       9
      12
       5
       4
      13
       9
       7
      11
       4
       9
      11
       9
       8
      10
      13
       6
       8
       7
       5
      12
       6
      10
       7
      10
       8
       4
       8
      12
       7
       8
       9
       8
      12
       3
      10
       9
       6
       7
       7
       9
       9
       9
      14
      10
      10
       7
      10
       5
      12
       7
       9
      11
      11
      15
      10
      23
      17
      34
      48
      39
      40
      25
      21
      15
      18
       9
       9
      12
       5
      12
       8
       6
       7
       9
      12
       6
       6
       8
      10
      10
       6
       7
       6
      10
       5
       6
       5
      12
       3
      14
       7
       6
       6
       8
       4
      10
       3
       6
       9
      11
       6
      12
       7
       7
       3
      13
       3
       5
       6
      11
       8
       7
       5
       6
       4
       7
       7
       7
       7
       5
      13
       7
      12
       6
       7
      10
       8
       4
      11
      10
       7
       4
       8
       8
      10
      11
      10
       5
      10
       5
       3
      12
       8
       4
       8
       5
      12
       8
       9
       5
       7
       9
       9
       4
       1
       4
       5
       6
       4
       3
      10
      12
       5
      11
       7
       6
       4
      10
      10
       2
       9
       7
       5
       4
       9
       8
       8
       4
       6
       8
       4
       4
       8
      10
       8
       5
       5
       9
       6
       3
       7
      10
      12
       4
       6
       5
       9
       4
       5
       7
       5
       9
       7
       9
       7
       3
       8
       9
       7
       6
      10
       3
       8
       6
      11
       3
       6
       6
       7
       6
       3
       4
       3
       4
       4
       6
       9
       6
      14
       7
      11
       6
       7
      15
      27
      32
      31
      19
      12
       6
       6
       5
       5
       4
       6
      10
       5
       4
       8
       4
       9
       4
       5
       7
       3
       2
       7
       3
       4
       2
       4
       7
       5
       2
       3
       6
       3
       9
       3
       7
       4
       5
       4
       2
       4
      10
       6
       6
      11
       9
       6
       9
       6
       8
       6
      17
       4
       9
       9
       5
       7
       6
       8
       5
       7
       5
      12
      13
      40
      55
      70
      23
      13
       4
      10
       5
       7
       8
       4
       7
       5
       4
       5
       6
       9
       3
       5
       4
       3
       4
       8
       5
       2
      10
       6
       3
       4
       4
       2
       9
       8
       6
       7
       9
       7
       4
       5
      11
       5
       4
       2
       7
       6
       3
       4
       2
       6
       6
       4
       4
       6
       4
       9
       7
       4
       6
       7
       7
       5
       2
       7
       6
       6
       7
       6
       5
       6
       4
       3
       7
       6
       6
       8
       4
       5
       3
       4
       7
       7
       5
       4
       6
       7
       3
       8
       5
       7
       2
       6
       8
       2
       3
       5
       5
       4
       6
       6
       6
       4
       5
       4
       6
       7
       6
       9
       3
       6
       3
       8
       7
       5
       5
       6
       5
       4
       5
       6
       5
       6
       6
       6
       8
       4
       4
       1
       8
      16
      23
      28
      16
       8
       4
       6
       7
       7
      10
       3
      10
       4
       9
       7
       5
       5
       6
       6
       7
       3
       5
       6
       4
       5
       6
       5
       6
      13
       4
       5
       6
       6
       4
       6
       3
       9
       5
       3
       2
       6
       9
       1
       4
       4
       3
       5
       4
       6
       7
       7
       3
       2
       6
       5
       8
       2
       4
       3
       5
       6
       3
       5
       5
       6
      10
       5
       3
       7
       5
       4
       6
       6
      10
       2
       8
       6
       4
       2
       5
       1
       2
       5
       3
       2
       4
       4
       3
       2
       2
       2
       5
       2
       7
       9
       4
       4
       8
       6
       8
       6
       4
       6
       4
       4
       6
       3
       6
       5
       6
       6
       5
       3
       6
       3
       4
       1
       5
      10
       5
       5
       2
       3
       6
       5
      13
       2
       5
       2
       5
      10
       4
       6
       7
       1
       6
       5
       7
       7
       6
       7
       8
       8
       6
       0
       5
       4
       5
       1
       3
       4
       5
       8
       3
       4
       4
       6
       7
       6
       5
      10
       6
      10
      11
       8
       7
       7
       7
       6
       4
       3
      10
       3
       5
       2
       3
       6
       5
       5
       7
       3
       5
       6
       5
       6
       3
       5
       7
       5
       4
      10
       3
       3
       3
       3
       4
       3
       5
       4
       2
       5
       3
       3
       3
       5
       7
       2
       6
       2
       5
       3
       4
       5
       6
       6
       4
       6
       7
       1
       6
       4
       4
       5
       1
       3
       2
       5
       4
      10
       4
       3
       6
       9
       7
       1
       8
       2
       7
       3
       9
       4
       4
       3
       4
       4
       5
       5
       9
       0
       4
       2
      11
       6
       3
       3
       1
       5
       8
       6
       7
       6
       6
       7
       8
      10
       5
       4
       6
       8
       5
       6
       5
       5
       7
       4
       5
       2
       4
       2
       6
       3
       6
       6
       4
       3
       3
       8
       3
       3
       7
       6
       5
       1
       6
       2
       2
       7
       4
       5
       1
       3
       6
       8
       2
       5
       3
       4
       7
       3
       3
       2
       3
       5
       3
       5
       8
       4
       6
       2
       4
       4
       1
       4
       2
       5
       2
       6
       6
       7
       5
       7
       3
       1
       5
       4
       5
       4
       4
       4
       4
       5
       4
       5
       6
       3
       5
       4
       4
       4
       2
       5
       6
       5
       3
       8
       3
       1
       4
       2
       4
       2
       3
       4
       2
       4
       3
       1
       1
       1
       5
       1
       3
       3
       4
       2
       3
       5
       5
       3
       1
       5
       3
       5
       5
       0
       3
       6
       2
       3
       1
       4
       2
       2
       5
       5
       5
       3
       5
       5
       5
       1
       3
       2
       4
       3
       6
       5
       5
       2
       4
       3
       2
       1
       5
       3
       2
       6
       6
       4
       5
       0
       4
       4
       2
       8
       1
       2
       4
      12
       6
       2
       3
       1
       2
       3
       6
       4
       5
       4
       9
      11
       5
       3
       5
       2
       2
       6
       2
       2
       5
       1
       6
       4
       3
       2
       3
       2
       4
       6
       3
       5
       1
       2
       3
       2
       2
       2
       4
       1
       0
       6
       3
       7
       7
       5
       3
       1
       3
       3
       2
       3
       8
       8
       1
       2
       4
       3
       4
       4
       4
       4
       7
      11
       1
       7
       4
       1
       2
       3
       5
       5
       7
       3
       3
       1
       4
       1
       3
       2
       7
       6
       2
       2
       2
       3
       1
       3
       4
       0
       2
       6
       5
       2
       2
       6
       6
       0
       3
       1
       3
       5
       2
       2
       2
       2
       1
       2
       3
       1
       3
       5
       4
       7
       2
       5
       2
       5
       0
       4
       3
       1
       2
       5
       2
       2
       4
       1
       2
       1
       2
       6
       4
       4
       1
       3
       3
       0
       3
       3
       6
       4
       7
       3
       1
       2
       4
       3
       2
       2
       3
       7
       2
       2
       5
       4
       6
       6
       6
       2
       2
       4
       4
       3
       2
       8
       4
       4
       4
       6
       6
       2
       2
       3
       2
       2
       3
       2
       3
       1
       6
       2
      13
      28
      11
      16
       8
       7
       9
       5
       1
       5
       1
       1
       1
       5
       1
       3
       4
       1
       1
       3
       4
       1
       3
       2
       5
       2
       1
       7
       4
       3
       0
       2
       6
       2
       3
       2
       2
       8
       2
       7
       5
       2
       0
       2
       1
       3
       3
       5
       2
       2
       5
       2
       3
       1
       0
       0
       2
       5
       4
       4
       4
       3
       1
       0
       4
       4
       3
       4
       3
       2
       2
       0
       1
       4
       3
       4
       4
       4
       2
       1
       4
       1
       3
       7
       3
       3
       4
       4
       7
       5
       4
       3
      11
       3
       3
       7
       2
       4
       6
       4
       1
       7
       2
       5
       4
       4
       3
       3
       1
       3
       1
       7
       5
       5
       5
       1
       0
       4
       1
       3
       4
       4
       3
       5
       2
       7
       4
       2
       4
       5
       3
       6
       4
      11
      11
       3
       4
       6
       5
       3
       6
       5
       9
       9
      13
      13
       5
       4
       1
       3
       3
       6
       1
       2
       4
       2
       4
       3
       4
       1
       6
       1
       2
       0
       2
       4
       8
       5
       5
       2
       3
       2
       0
       1
       1
       4
       5
       2
       0
       2
       3
       3
       4
       4
       4
       3
       2
       2
       4
       3
       1
       5
       1
       2
       3
       7
       3
       2
       5
       2
       0
       5
       4
       3
       2
       2
       5
       4
       2
       1
       2
       4
       3
       5
       2
       2
       3
       3
       4
       0
       6
       5
       2
       2
       3
       4
       4
       3
       3
       5
       2
       4
       1
       2
       3
       4
       2
       4
       2
       1
       3
       2
       1
       3
       3
       1
       4
       1
       1
       1
       5
       2
       3
       4
       2
       1
       5
       3
       6
       3
       5
       1
       9
       4
       2
       4
       4
       1
       2
       0
       2
       4
       4
       4
       4
       1
       8
       2
       3
       2
       2
       2
       4
       1
       5
       3
       1
       8
       7
       3
       4
       1
       1
       3
       3
       4
       0
       7
       3
       3
       5
       3
       4
       7
       4
       2
       3
       3
       3
       4
       2
       1
       4
       1
       4
       4
       6
       5
       2
       2
       2
       1
       3
       2
       2
       2
       4
       2
       6
       1
       1
       2
       3
       1
       1
       1
       5
       3
       5
       5
       3
       4
      11
       3
       1
       1
       2
       5
       4
       1
       2
       4
       2
       4
       3
       4
       5
       0
       4
       5
       2
       2
       1
       4
       4
       5
       2
       3
       1
       2
       5
       5
       1
       3
       2
       2
       4
       2
       2
       3
       1
       3
       3
       1
       4
       2
       3
       2
       5
       4
       0
       2
       4
       3
       2
       0
       4
       1
       3
       6
       4
       6
       2
       2
       4
       2
       4
       3
       3
       2
       5
       3
       2
       1
       3
       2
       2
       1
       5
       1
       6
       2
       0
       2
       0
       2
       2
       4
       4
       2
       2
       1
       3
       1
       4
       2
       2
       3
       4
       1
       0
       6
       1
       0
       6
       5
       3
       3
       2
       1
       1
       1
       4
       3
       6
       0
       3
       2
       1
       0
       4
       3
       3
       1
       3
       3
       1
       1
       1
       2
       3
       2
       3
       1
       4
       6
       5
       1
       0
       1
       4
       1
       4
       1
       5
       3
       2
       2
       7
       3
       2
       4
       4
       1
       2
       5
       5
       5
       1
       0
       2
       1
       5
       4
       4
       2
       5
       1
       0
       3
       4
       5
      10
      13
      12
       6
       6
       4
       4
       6
       3
       5
       1
       3
       3
       0
       2
       3
       1
       4
       3
       4
       1
       3
       1
       0
       0
       6
       3
       4
       1
       4
       4
       3
       2
       3
       2
       4
       3
       1
       4
       6
       1
       3
       0
       2
       2
       3
       2
       5
       5
       4
       3
       5
       3
       2
       1
       1
       2
       1
       5
       4
       1
       4
       3
       2
       4
       2
       0
       1
       4
       1
       0
       5
       1
       3
       1
       1
       0
       5
       1
       3
       3
       3
       3
       2
       0
       1
       3
       4
       3
       1
       3
       4
       2
       2
       1
       6
       7
       3
       2
       1
       5
       3
       3
       3
       3
       0
       2
       6
       5
       3
       1
       3
       3
       3
       4
       2
       1
       3
       1
       2
       2
       3
       2
       5
       3
       1
       4
       2
       3
       3
       4
       5
       1
       4
       3
       4
       3
       1
       5
       3
       4
       7
       2
       1
       2
       4
       4
       2
       2
       0
       4
       3
       1
       5
       6
       3
       4
       3
       4
       5
       0
       3
       7
       3
       4
       5
       3
       2
       5
       4
       1
       5
       2
       2
       2
       3
       1
       3
       4
       1
       3
       3
       3
       2
       6
       1
       4
       5
       3
       3
       3
       3
       2
       1
       6
       3
       3
       4
       0
       3
       1
       4
       1
       5
       2
       2
       3
       5
       5
       3
       2
       3
       4
       4
       2
       5
       3
       5
       3
       3
       1
       3
       1
       3
       5
       4
       2
       7
       3
       2
       1
       2
       3
       2
       1
       5
       4
       6
       2
       4
       3
       2
       3
       3
       3
       5
       3
       4
       3
       1
       3
       3
       4
       3
       2
       5
       4
       2
       5
       3
       2
       4
       3
       1
       3
       1
       3
       3
       3
       4
       3
       3
       2
       6
       5
       2
       1
       2
       5
       5
       1
       3
       2
       1
       3
       4
       2
       2
       4
       3
       7
       7
      11
       3
       5
       2
       4
       1
       3
       4
       1
       2
       2
       0
       3
       4
       2
       1
       5
       4
       2
       2
       8
       3
       0
       1
       0
       1
       2
       2
       2
       1
       5
       1
       0
       3
       3
       1
       3
       2
       1
       2
       3
       2
       4
       2
       0
       1
       4
       2
       0
       1
       1
       1
       1
       0
       3
       3
       1
       1
       1
       2
       6
       2
       1
       3
       0
       1
       2
       3
       2
       3
       2
       2
       6
       5
       4
       2
       5
       0
       2
       2
       4
       2
       1
       6
       0
       4
       3
      12
      20
      15
       8
       9
       8
       3
       1
       0
       1
       1
       2
       2
       2
       3
       3
       2
       0
       3
       1
       0
       1
       2
       0
       3
       1
       1
       1
       5
       3
       0
       0
       4
       1
       3
       2
       0
       1
       0
       2
       2
       0
       2
       1
       3
       1
       2
       1
       1
       1
       0
       3
       2
       1
       4
       1
       2
       0
       4
       3
       0
       1
       4
       0
       2
       1
       3
       5
       2
       3
       5
       0
       3
       2
       1
       0
       2
       2
       2
       0
       3
       1
       2
       2
       5
       5
       1
       1
       1
       3
       1
       0
       1
       0
       0
       0
       2
       0
       2
       1
       1
       1
       1
       1
       1
       2
       2
       1
       1
       2
       1
       0
       4
       4
       2
       2
       2
       3
       2
       0
       2
       1
       0
       0
       2
       0
       2
       2
       3
       1
       3
       4
       1
       3
       2
       2
       1
       1
       0
       0
       4
       0
       1
       1
       1
       3
       0
       0
       1
       2
       2
       1
       1
       2
       2
       1
       3
       1
       4
       2
       1
       0
       0
       3
       1
       0
       1
       2
       3
       0
       2
       2
       2
       2
       4
       0
       1
       1
       3
       2
       0
       2
       0
       2
       1
       1
       1
       1
       0
       2
       0
       0
       0
       2
       0
       0
       2
       1
       1
       4
       1
       2
       0
       0
       1
       1
       1
       1
       1
       0
       0
       1
       1
       0
       0
       1
       0
       0
       1
       0
       1
       1
       0
       0
       1
       0
       2
       1
       1
       2
       1
       2
       2
       1
       2
       0
       2
       0
       1
       1
       2
       1
       0
       0
       0
       0
       2
       0
       3
       2
       2
       1
       0
       4
       4
       2
       3
       3
       1
       0
       1
       0
       1
       0
       0
       1
       1
       1
       0
       1
       0
       3
       1
       2
       3
       1
       0
       0
       0
       0
       0
       1
       2
       2
       1
       1
       2
       1
       2
       0
       1
       0
       3
       2
       0
       0
       0
       1
       0
       0
       0
       2
       1
       0
       1
       1
       0
       0
       1
       1
       4
       0
       5
       3
       0
       1
       1
       1
       1
       1
       0
       1
       2
       1
       3
       3
       2
       1
       4
       3
       3
       3
       1
       1
       2
       2
       2
       2
       1
       1
       2
       2
       1
       1
       1
       0
       0
       0
       3
       1
       2
       1
       2
       0
       1
       0
       0
       2
       3
       0
       2
       2
       0
       0
       1
       0
       1
       0
       1
       2
       1
       1
       1
       0
       0
       0
       0
       0
       0
       0
       0
       0
       2
       0
       3
       1
       2
       1
       0
       0
       1
       1
       1
       0
       1
       2
       0
       2
       0
       0
       0
       2
       0
       2
       2
       0
       0
       1
       1
       2
       0
       0
       1
       0
       0
       1
       0
       0
       3
       1
       0
       1
       0
       1
       0
       0
       0
       0
       0
       0
       0
       0
       0
       0
       1
       0
       1
       0
       1
       1
       0
       1
       1
       0
       0
       2
       1
       0
       0
       0
       1
       1
       4
      10
      21
      34
      73
      81
      75
      78
      44
      16
       2
       3
       1
       0
       0
       1
       0
       1
       0
       2
       0
       1
       0
       0
       0
       0
       0
       0
       0
       0
       0
       1
       0
       0
       0
       1
       0
       0
       0
       2
       0
       0
       1
       1
       0
       1
       0
       0
       0
       1
       0
       0
       0
       0
       0
       0
       0
       1
       1
       1
       2
       0
       0
       0
       1
       0
       1
       0
       1
       2
       0
       1
       1
       1
       0
       2
       0
       1
       0
       1
       0
       1
       0
       1
       0
       1
       0
       0
       0
       0
       2
       0
       1
       1
       2
       0
       0
       1
       0
       0
       0
       1
       2
       1
       0
       1
       0
       1
       1
       0
       0
       1
       2
       3
       0
       0
       0
       1
       2
       0
       1
       1
       1
       1
       3
       2
       1
       1
       2
       1
       1
       1
       0
       0
       0
       1
       0
       1
       0
       1
       0
       0
       1
       2
       0
       2
       1
       0
       1
       1
       0
       1
       2
       0
       0
       1
       0
       0
       0
       0
       0
       0
       0
       0
       0
       1
       3
       1
       1
       1
       0
       0
       0
       0
       0
       1
       0
       0
       0
       0
       1
       0
       1
       0
       1
       0
       0
       0
       1
       0
       1
       1
       1
       1
       0
       0
       0
       2
       1
       3
       0
       0
       0
       1
       0
       1
       0
       0
       0
       1
       1
       0
       0
       0
       1
       1
       0
       0
       0
       0
       1
       0
       1
       0
       2
       1
       0
       0
       0
       1
       1
       0
       0
       0
       0
       0
       0
       1
       0
       1
       1
       0
       2
       0
       0
       0
       1
       0
       1
       1
       0
       0
       0
       0
       0
       1
       0
       0
       0
       0
       0
       0
       0
       1
       1
       0
       1
       1
       1
       0
       0
       0
       0
       0
       0
       0
       0
       0
       1
       2
       1
       0
       1
       1
       1
       1
       1
       0
       1
       0
       1
       1
       2
       1
       0
       0
       0
       0
       0
       1
       0
       0
       1
       1
       2
       0
       0
       0
       0
       1
       2
       0
       0
       0
       0
       1
       2
       2
       1
       4
       2
       0
       3
       1
       0
       3
       2
       2
       3
       1
       3
       1
       1
       2
       0
       0
       1
       0
       1
       0
       1
       1
       1
       0
       2
       1
       0
       0
       0
       0
       0
       1
       0
       0
       1
       0
       1
       0
       0
       0
       0
       1
       0
       0
       0
       0
       0
       0
       0
       0
       0
       0
       0
       0
       1
       0
       1
       0
       2
       1
       0
       1
       0
       0
       1
       0
       0
       0
       1
       0
       0
       0
       0
       0
       1
       0
       2
       0
       1
       2
       0
       0
       0
       0
       0
       0
       0
       0
       0
       0
       1
       1
       0
       0
       1
       0
       1
       0
       0
       0
       1
       0
       2
       1
       2
       0
       0
       0
       0
       0
       0
       0
       0
       0
       0
       0
       0
       0
       0
       0
       0
       1
       0
       1
       0
       0
       1
       0
       0
       0
       0
       0
       0
       1
       0
       0
       0
       0
       0
       0
       0
       0
       1
       0
       0
       1
       0
       0
       0
       0
       0
       0
       0
       1
       1
       0
       0
       0
       0
       0
       0
       0
       0
       0
       0
       0
       2
       0
       0
       0
       1
       1
       0
       1
       1
       2
       1
       0
       2
       1
       2
       2
       0
       0
       1
       0
       1
       0
       0
       0
       0
       1
       0
       0
       0
       1
       1
       0
       1
       0
       0
       0
       0
       0
       0
       0
       0
       0
       1
       0
       1
       0
       0
       0
       2
       1
       0
       1
       0
       0
       0
       0
       0
       0
       0
       1
       0
       0
       0
       1
       1
       0
       0
       0
       1
       0
       1
       0
       1
       0
       0
       0
       0
       0
       0
       0
       0
       0
       0
       0
       0
       0
       0
       1
       1
       0
       1
       1
       0
       0
       0
       0
       0
       0
       0
       0
       0
       3
       0
       0
       0
       0
       0
       0
       0
       1
       1
       0
       0
       0
       0
       1
       2
       0
       1
       1
       0
       0
       0
       0
       0
       0
       0
       0
       1
       0
       0
       0
       0
       0
       0
       0
       0
       0
       0
       0
       0
       0
       0
       0
       0
       0
       0
       0
       0
       0
       1
       0
       0
       0
       0
       0
       0
       0
       2
       0
       0
       0
       0
       1
       0
       0
       0
       0
       0
       0
       0
       1
       1
       0
       0
       0
       1
       3
       0
       3
       1
       1
       0
       0
       0
       0
       0
       0
       0
       0
       0
       0
       1
       0
       0
       0
       0
       2
       0
       1
       0
       1
       1
       1
       1
       0
       1
       0
       0
       0
       1
       0
       1
       0
       0
       0
       1
       0
       0
       0
       0
       0
       0
       0
       0
       0
       0
       0
       0
       0
       1
       0
       1
       1
       0
       0
       1
       0
       0
       0
       0
       1
       0
       1
       0
       0
       0
       0
       0
       1
       0
       0
       1
       1
       0
       0
       0
       0
       1
       0
       1
       3
       3
       5
       7
       6
       6
       2
       1
       0
       0
       0
       0
       0
       0
       0
       2
       0
       1
       0
       0
       2
       0
       0
       1
       0
       1
       1
       0
       0
       2
       0
       0
       1
       0
       0
       0
       0
       0
       0
       0
       1
       0
       0
       1
       0
       0
       1
       0
       0
       0
       0
       0
       0
       0
       0
       0
       1
       2
       1
       0
       0
       0
       0
       1
       0
       0
       0
       0
       0
       1
       0
       0
       0
       1
       0
       0
       1
       0
       1
       1
       0
       0
       0
       0
       0
       0
       0
       1
       0
       0
       0
       0
       0
       0
       0
       0
       0
       0
       0
       0
       1
       0
       0
       0
       0
       0
       0
       0
       1
       0
       1
       0
       0
       0
       1
       0
       0
       1
       0
       0
       0
       1
       0
       0
       0
       1
       1
       0
       1
       0
       2
       0
       0
       0
       0
       0
       1
       0
       0
       0
       0
       0
       0
       0
       0
       1
       0
       0
       0
       0
       0
       1
       0
       0
       0
       1
       0
       0
       0
       0
       0
       0
       0
       0
       0
       0
       0
       0
       1
       0
       0
       0
       0
       0
       0
       0
       0
       0
       0
       0
       0
       0
       1
       0
       1
       0
       0
       0
       3
       1
       0
       0
       0
       0
       0
       0
       1
       0
       0
       0
       0
       0
       0
       0
       3
       1
       3
       2
       2
       0
       0
       0
       0
       0
       0
       1
       0
       0
       0
       0
       0
       0
       1
       1
       0
       0
       1
       1
       0
       0
       0
       0
       0
       1
       0
       0
       1
       0
       0
       1
       1
       1
       1
       0
       0
       0
       0
       0
       1
       1
       0
       2
       1
       1
       1
       0
       0
       0
       0
       0
       0
       1
       0
       0
       1
       0
       1
       0
       0
       0
       2
       1
       1
       0
       0
       0
       0
       0
       0
       1
       0
       0
       0
       0
       0
       2
       0
       1
       0
       1
       1
       0
       1
       1
       0
       0
       1
       0
       0
       1
       0
       0
       0
       1
       0
       0
       0
       0
       0
       0
       0
       0
       0
       0
       0
       0
       0
       0
       0
       0
       0
       0
       0
       1
       0
       0
       0
       0
       0
       0
       0
       0
       0
       1
       0
       0
       0
       0
       0
       1
       0
       0
       2
       0
       0
       0
       1
       0
       0
       1
       0
       0
       0
       1
       0
       0
       0
       0
       0
       0
       0
       0
       0
       1
       0
       1
       0
       0
       0
       0
       2
       0
       0
       0
       0
       0
       0
       0
       0
       0
       0
       0
       1
       1
       0
       0
       0
       1
       1
       0
       0
       0
       1
       0
       1
       0
       0
       0
       0
       1
       0
       0
       0
       0
       0
       0
       0
       1
       0
       0
       0
       0
       1
       0
       0
       0
       0
       0
       0
       0
       1
       0
       0
       0
       0
       0
       0
       1
       0
       0
       0
       0
       1
       1
       0
       0
       0
       1
       1
       0
       0
       0
       1
       0
       1
       0
       0
       0
       0
       0
       0
       0
       0
       0
       0
       0
       0
       0
       1
       0
       1
       0
       0
       0
       0
       0
       1
       0
       0
       3
       0
       0
       0
       0
       1
       0
       0
       1
       1
       0
       1
       0
       0
       0
       0
       0
       0
       0
       0
       0
       1
       0
       0
       0
       2
       0
       0
       0
       0
       1
       1
       0
       0
       1
       1
       1
       3
       0
       0
       0
       1
       0
       0
       0
       0
       1
       0
       0
       0
       0
       0
       0
       0
       0
       0
       0
       0
       2
       0
       1
       0
       0
       1
       0
       0
       1
       0
       0
       0
       0
       0
       1
       0
       0
       0
       1
       2
       0
       1
       0
       0
       0
       0
       0
       0
       0
       0
       0
       0
       1
       0
       0
       1
       0
       0
       0
       2
       0
       0
       0
       0
       0
       0
       0
       0
       1
       0
       0
       0
       0
       0
       1
       0
       0
       0
       0
       2
       0
       0
       1
       0
       0
       1
       0
       1
       0
       0
       0
       0
       1
       0
       1
       0
       1
       0
       0
       0
       1
       0
       1
       0
       0
       0
       0
       0
       1
       1
       0
       0
       1
       1
       0
       0
       1
       0
       0
       0
       0
       0
       0
       2
       1
       0
       0
       0
       0
       0
       0
       1
       0
       0
       0
       0
       0
       0
       0
       1
       0
       0
       1
       0
       0
       0
       0
       0
       1
       0
       1
       0
       0
       1
       0
       0
       1
       1
       0
       0
       0
       0
       0
       0
       0
       0
       0
       0
       0
       0
       1
       0
       0
       2
       0
       0
       1
       0
       0
       0
       0
       1
       0
       0
       0
       0
       0
       0
       0
       0
       0
       0
       0
       0
       0
       0
       1
       0
       0
       0
       0
       1
       0
       0
       2
       0
       0
       1
       1
       0
       0
       0
       0
       0
       1
       0
       0
       0
       0
       0
       0
       0
       1
       0
       1
       1
       1
       0
       0
       1
       0
       0
       0
       1
       0
       1
       0
       0
       0
       0
       0
       0
       0
       0
       0
       0
       0
       0
       0
       0
       0
       0
       0
       0
       0
       0
       3
       1
       0
       0
       0
       1
       0
       0
       0
       1
       0
       0
       0
       0
       0
       0
       2
       0
       0
       0
       1
       0
       0
       0
       0
       0
       0
       0
       0
       0
       0
       0
       1
       0
       0
       1
       0
       0
       0
       0
       0
       0
       0
       0
       0
       2
       1
       2
       0
       0
       0
       0
       0
       0
       0
       0
       0
       0
       2
       0
       0
       1
       0
       2
       0
       1
       1
       1
       1
       4
       1
       1
       1
       0
       1
       1
       0
       0
       0
       0
       0
       0
       0
       0
       1
       0
       0
       0
       0
       0
       0
       0
       1
       0
       0
       0
       0
       0
       0
       1
       0
       0
       0
       0
       0
       2
       0
       0
       0
       1
       1
       0
       0
       1
       0
       0
       0
       0
       0
       1
       0
       0
       0
       0
       0
       0
       0
       0
       0
       0
       1
       0
       0
       0
       0
       0
       0
       2
       0
       0
       0
       0
       0
       0
       0
       0
       0
       1
       0
       0
       0
       0
       0
       0
       0
       0
       0
       0
       0
       0
       0
       0
       0
       0
       1
       0
       1
       0
       0
       0
       0
       0
       1
       1
       2
       0
       0
       0
       0
       0
       0
       0
       0
       0
       0
       1
       1
       2
       1
       0
       0
       0
       0
       0
       0
       1
       0
       1
       0
       0
       0
       0
       0
       0
       0
       0
       1
       0
       0
       0
       0
       0
       0
       0
       1
       0
       0
       0
       0
       0
       0
       1
       1
       1
       0
       0
       0
       0
       0
       1
       0
       1
       0
       0
       0
       0
       0
       0
       0
       0
       1
       0
       0
       0
       1
       1
       0
       0
       0
       1
       1
       0
       0
       0
       0
       0
       0
       0
       1
       0
       0
       0
       0
       0
       1
       1
       0
       0
       0
       1
       1
       0
       1
       0
       0
       1
       0
       0
       0
       2
       0
       1
       0
       0
       0
       0
       0
       1
       0
       0
       0
       0
       0
       0
       1
       0
       0
       1
       0
       0
       1
       0
       0
       1
       0
       1
       0
       0
       0
       0
       0
       0
       0
       1
       3
       2
       1
       4
       1
       2
       0
       0
       0
       1
       0
       0
       1
       0
       0
       0
       1
       0
       0
       0
       0
       1
       1
       0
       0
       0
       0
       1
       0
       0
       0
       1
       0
       1
       0
       1
       0
       0
       0
       0
       1
       0
       0
       0
       0
       0
       0
       0
       0
       0
       0
       0
       0
       0
       1
       0
       0
       0
       0
       0
       0
       0
       0
       0
       0
       0
       0
       0
       0
       0
       1
       0
       0
       0
       1
       0
       1
       0
       0
       1
       0
       0
       0
       0
       0
       1
       0
       0
       1
       0
       0
       0
       0
       0
       0
       0
       0
       0
       0
       0
       0
       0
       0
       0
       0
       0
       0
       0
       0
       1
       0
       0
       0
       0
       0
       0
       0
       1
       0
       0
       2
       1
       0
       1
       0
       0
       0
       0
       0
       1
       0
       0
       0
       0
       0
       1
       0
       0
       0
       0
       0
       1
       1
       1
       0
       0
       0
       0
       0
       1
       2
       1
       1
       0
       0
       0
       0
       0
       0
       0
       0
       1
       0
       1
       2
       1
       0
       2
       0
       0
       0
       0
       0
       0
       1
       0
       0
       0
       0
       0
       0
       0
       0
       0
       0
       1
       0
       0
       0
       0
       0
       0
       1
       0
       2
       0
       0
       1
       0
       1
       1
       0
       1
       0
       0
       0
       1
       0
       0
       0
       0
       0
       0
       1
       0
       0
       0
       1
       0
       2
       0
       0
       0
       0
       0
       0
       0
       0
       1
       0
       0
       0
       1
       1
       3
       0
       0
       1
       0
       0
       0
       0
       1
       0
       2
       0
       0
       0
       0
       1
       0
       0
       0
       0
       0
       0
       1
       1
       0
       0
       0
       0
       0
       0
       1
       1
       0
       0
       0
       0
       0
       0
       0
       1
       2
       0
       0
       0
       0
       0
       1
       0
       0
       1
       0
       0
       0
       1
       0
       2
       0
       0
       1
       1
       1
       1
       0
       1
       0
       0
       0
       0
       0
       0
       0
       0
       0
       1
       1
       0
       0
       0
       0
       0
       0
       0
       0
       0
       2
       0
       0
       0
       0
       0
       0
       0
       0
       1
       0
       1
       0
       0
       0
       0
       0
       0
       0
       1
       0
       1
       0
       0
       0
       0
       0
       0
       0
       0
       1
       0
       1
       0
       0
       0
       0
       0
       0
       1
       0
       0
       0
       2
       0
       0
       0
       0
       1
       1
       0
       0
       0
       0
       0
       2
       0
       0
       0
       0
       0
       1
       0
       0
       0
       0
       1
       0
       0
       0
       1
       0
       0
       2
       0
       0
       0
       0
       0
       2
       0
       0
       0
       0
       0
       1
       2
       3
       0
       1
       0
       0
       0
       2
       1
       1
       0
       0
       0
       0
       0
       0
       2
       0
       0
       0
       1
       1
       0
       0
       1
       0
       0
       1
       0
       0
       0
       1
       0
       0
       0
       0
       0
       0
       0
       0
       1
       0
       0
       0
       0
       0
       0
       0
       0
       1
       1
       1
       0
       0
       1
       0
       0
       0
       0
       1
       1
       0
       1
       0
       1
       0
       0
       0
       0
       0
       1
       0
       1
       0
       1
       0
       0
       1
       0
       0
       0
       0
       0
       0
       0
       1
       0
       0
       0
       1
       1
       0
       0
       0
       0
       0
       0
       0
       0
       0
       0
       0
       0
       0
       0
       0
       0
       0
       0
       0
       0
       0
       0
       0
       0
       0
       0
       1
       0
       1
       0
       0
       0
       1
       1
       0
       0
       0
       0
       0
       0
       0
       1
       0
       0
       0
       0
       0
       0
       0
       0
       0
       0
       0
       0
       0
       0
       0
       0
       0
       0
       0
       0
       1
       0
       0
       0
       0
       0
       0
       0
       1
       0
       0
       0
       0
       0
       0
       0
       0
       0
       0
       0
       0
       0
       0
       0
       1
       0
       0
       0
       1
       0
       0
       0
       0
       0
       0
       0
       0
       0
       1
       0
       1
       1
       1
       1
       1
       1
       0
       0
       0
       0
       0
       0
       0
       0
       0
       0
       0
       1
       0
       0
       0
       0
       0
       0
       0
       0
       0
       1
       0
       1
       0
       0
       0
       0
       0
       0
       0
       0
       0
       0
       0
       0
       0
       0
       0
       0
       0
       0
       0
       0
       0
       0
       0
       0
       0
       0
       1
       1
       0
       0
       0
       0
       0
       0
       0
       0
       0
       0
       0
       0
       0
       0
       0
       0
       0
       0
       0
       0
       0
       0
       0
       0
       0
       0
       0
       0
       0
       0
       0
       0
       0
       0
       0
       0
       0
       0
       0
       0
       0
       0
       0
       0
       0
       0
       0
       0
       0
       0
       0
       0
       1
       0
       0
       0
       0
       0
       0
       0
       1
       0
       0
       0
       0
       0
       0
       1
       0
       0
       0
       0
       0
       1
       0
       0
       0
       0
       0
       0
       0
       0
       0
       0
       0
       0
       0
       0
       0
       1
       0
       0
       0
       0
       0
       0
       0
       1
       0
       0
       0
       0
       0
       0
       0
       0
       0
       0
       1
       1
       0
       0
       0
       0
       0
       1
       0
       0
       0
       0
       0
       0
       0
       0
       0
       0
       0
       0
       0
       0
       0
       0
       0
       0
       0
       0
       0
       0
       0
       0
       0
       0
       0
       0
       0
       0
       0
       0
       0
       0
       0
       0
       0
       1
       0
       0
       0
       0
       0
       0
       0
       0
       0
       0
       0
       0
       0
       0
       0
       0
       0
       0
       0
       0
       0
       0
       0
       0
       0
       0
       0
       0
       0
       0
       0
       0
       0
       0
       0
       0
       0
       0
       0
       0
       0
       0
       0
       0
       0
       0
       0
       0
       0
       0
       1
       0
       0
       0
       0
       0
       0
       0
       0
       0
       0
       0
       0
       1
       0
       0
       0
       0
       0
       0
       0
       0
       0
       1
       0
       0
       0
       0
       0
       0
       0
       0
       0
       0
       0
       0
       0
       0
       0
       0
       0
       0
       0
       0
       0
       1
       0
       0
       0
       0
       0
       0
       0
       0
       0
       0
       0
       0
       0
       0
       0
       0
       0
       0
       0
       0
       0
       0
       0
       0
       0
       0
       0
       0
       0
       0
       0
       0
       0
       0
       0
       0
       0
       0
       0
       0
       0
       0
       0
       0
       0
       0
       0
       0
       0
       0
       0
       0
       0
       0
       0
       0
       0
       0
       0
       0
       0
       0
       0
       0
       0
       0
       0
       0
       0
       0
       0
       0
       0
       0
       0
       0
       0
       0
       0
       0
       0
       0
       0
       0
       0
       0
       0
       0
       0
       0
       0
       0
       1
       2
       1
       0
       1
       2
       4
       1
       6
       9
      11
       6
       8
       4
       2
       1
       0
       0
       0
       0
       0
       0
       0
       0
       0
       0
       0
       0
       0
       0
       0
       0
       0
       0
       0
       0
       0
       0
       0
       0
       0
       0
       0
       0
       0
       0
       0
       0
       0
       0
       0
       0
       0
       0
       0
       0
       0
       0
       0
       0
       0
       0
       1
       0
       0
       0
       0
       0
       0
       0
       0
       0
       0
       0
       0
       0
       0
       1
       0
       0
       0
       0
       0
       0
       0
       0
       0
       0
       0
       0
       0
       0
       0
       0
       0
       0
       0
       0
       0
       0
       0
       0
       0
       0
       0
       0
       0
       0
       0
       0
       1
       0
       0
       0
       0
       0
       0
       0
       0
       0
       0
       0
       0
       0
       0
       0
       0
       0
       0
       0
       0
       0
       0
       0
       0
       0
       0
       0
       0
       0
       0
       0
       0
       0
       0
       0
       0
       0
       0
       0
       0
       0
       0
       0
       0
       0
       0
       0
       0
       0
       0
       0
       0
       0
       0
       0
       0
       0
       0
       0
       0
       0
       0
       0
       0
       0
       0
       0
       0
       0
       0
       0
       0
       0
       0
       0
       0
       0
       0
       0
       0
       0
       0
       0
       0
       0
       0
       0
       0
       0
       0
       0
       0
       0
       0
       0
       0
       0
       0
       0
       0
       0
       0
       0
       0
       0
       0
       0
       0
       0
       0
       0
       0
       0
       0
       0
       0
       0
       0
       0
       0
       0
       0
       0
       0
       0
       0
       0
       0
       0
       0
       0
       0
       0
       0
       0
       0
       0
       0
       0
       0
       0
       0
       0
       0
       0
       0
       0
       0
       0
       0
       0
       0
       0
       0
       0
       0
       0
       0
       0
       0
       0
       0
       0
       0
       0
       0
       0
       0
       0
       0
       0
       0
       0
       0
       0
       0
       0
       0
       0
       0
       0
       0
       0
       0
       0
       0
       0
       0
       0
       0
       0
       0
       0
       0
       0
       0
       0
       0
       0
       0
       0
       0
       0
       0
       0
       0
       0
       0
       0
       0
       0
       0
       0
       0
       0
       0
       0
       0
       0
       0
       0
       0
       0
       0
       0
       0
       0
       0
       0
       0
       0
       0
       0
       0
       0
       0
       0
       0
       0
       0
       0
       0
       0
       0
       0
       0
       0
       0
       0
       0
       0
       0
       0
       0
       0
       0
       0
       0
       0
       0
       0
       0
       0
       0
       0
       0
       0
       0
       0
       0
       0
       0
       0
       0
       0
       0
       0
       0
       0
       0
       0
       0
       0
       0
       0
       0
       0
       0
       0
       0
       0
       0
       0
       0
       0
       0
       0
       0
       0
       0
       0
       0
       0
       0
       0
       0
       0
       0
       0
       0
       0
       0
       0
       0
       0
       0
       0
       0
       0
       0
       0
       0
       0
       0
       0
       0
       0
       0
       0
       0
       0
       0
       0
       0
       0
       0
       0
       0
       0
       0
       0
       0
       0
       0
       0
       0
       0
       0
       0
       0
       0
       0
       0
       0
       0
       0
       0
       0
       0
       0
       0
       0
       0
       0
       0
       0
       0
       0
       0
       0
       0
       0
       0
       0
       0
       0
       0
       0
       0
       0
       0
       0
       0
       0
       0
       0
       0
       0
       0
       0
       0
       0
       0
       0
       0
       0
       0
       0
       0
       0
       0
       0
       0
       0
       0
       0
       0
       0
       0
       0
       0
       0
       0
       0
       0
       0
       0
       0
       0
       0
       0
       0
       0
       0
       0
       0
       0
       0
       0
       0
       0
       0
       0
       0
       0
       0
       0
       0
       0
       0
       0
       0
       0
       0
       0
       0
       0
       0
       0
       0
       0
       0
       0
       0
       0
       0
       0
       0
       0
       0
       0
       0
       0
       0
       0
       0
       0
       0
       0
       0
       0
       0
       0
       0
       0
       0
       0
       0
       0
       0
       0
       0
       0
       0
       0
       0
       0
       0
       0
       0
       0
       0
       0
       0
       0
       0
       0
       0
       0
       0
       0
       0
       0
       0
       0
       0
       0
       0
       0
       0
       0
       0
       0
       0
       0
       0
       0
       0
       0
       0
       0
       0
       0
       0
       0
       0
       0
       0
       0
       0
       0
       0
       0
       0
       0
       0
       0
       0
       0
       0
       0
       0
       0
       0
       0
       0
       0
       0
       0
       0
       0
       0
       0
       0
       0
       0
       0
       0
       0
       0
       0
       0
       0
       0
       0
       0
       0
       0
       0
       0
       0
       0
       0
       0
       0
       0
       0
       0
       0
       0
       0
       0
       0
       0
       0
       0
       0
       0
       0
       0
       0
       0
       0
       0
       0
       0
       0
       0
       0
       0
       0
       0
       0
       0
       0
       0
       0
       0
       0
       0
       0
       0
       0
       0
       0
       0
       0
       0
       0
       0
       0
       0
       0
       0
       0
       0
       0
       0
       0
       0
       0
       0
       0
       0
       0
       0
       0
       0
       0
       0
       0
       0
       0
       0
       0
       0
       0
       0
       0
       0
       0
       0
       0
       0
       0
       0
       0
       0
       0
       0
       0
       0
       0
       0
       0
       0
       0
       0
       0
       0
       0
       0
       0
       0
       0
       0
       0
       0
       0
       0
       0
       0
       0
       0
       0
       0
       0
       0
       0
       0
       0
       0
       0
       0
       0
       0
       0
       0
       0
       0
       0
       0
       0
       0
       0
       0
       0
       0
       0
       0
       0
       0
       0
       0
       0
       0
       0
       0
       0
       0
       0
       0
       0
       0
       0
       0
       0
       0
       0
       0
       0
       0
       0
       0
       0
       0
       0
       0
       0
       0
       0
       0
       0
       0
       0
       0
       0
       0
       0
       0
       0
       0
       0
       0
       0
       0
       0
       0
       0
       0
       0
       0
       0
       0
       0
       0
       0
       0
       0
       0
       0
       0
       0
       0
       0
       0
       0
       0
       0
       0
       0
       0
       0
       0
       0
       0
       0
       0
       0
       0
       0
       0
       0
       0
       0
       0
       0
       0
       0
       0
       0
       0
       0
       0
       0
       0
       0
       0
       0
       0
       0
       0
       0
       0
       0
       0
       0
       0
       0
       0
       0
       0
       0
       0
       0
       0
       0
       0
       0
       0
       0
       0
       0
       0
       0
       0
       0
       0
       0
       0
       0
       0
       0
       0
       0
       0
       0
       0
       0
       0
       0
       0
       0
       0
       0
       0
       0
       0
       0
       0
       0
       0
       0
       0
       0
       0
       0
       0
       0
       0
       0
       0
       0
       0
       0
       0
       0
       0
       0
       0
       0
       0
       0
       0
       0
       0
       0
       0
       0
       0
       0
       0
       0
       0
       0
       0
       0
       0
       0
       0
       0
       0
       0
       0
       0
       0
       0
       0
       0
       0
       0
       0
       0
       0
       0
       0
       0
       0
       0
       0
       0
       0
       0
       0
       0
       0
       1
       0
       0
       1
       0
       0
       0
       0
       0
       0
       0
       0
       0
       0
       0
       0
       0
       0
       0
       0
       0
       0
       0
       0
       0
       0
       0
       0
       0
       0
       0
       0
       0
       0
       0
       0
       0
       0
       0
       0
       0
       0
       0
       0
       0
       0
       0
       0
       0
       0
       0
       0
       0
       0
       0
       0
       0
       0
       0
       0
       0
       0
       0
       0
       0
       0
       0
       0
       0
       0
       0
       0
       0
       0
       0
       0
       0
       0
       0
       0
       0
       0
       0
       0
       0
       0
       0
       0
       0
       0
       0
       0
       0
       0
       0
       0
       0
       0
       0
       0
       0
       0
       0
       0
       0
       0
       0
       0
       0
       0
       0
       0
       0
       0
       0
       0
       0
       0
       0
       0
       0
       0
       0
       0
       0
       0
       0
       0
       0
       0
       0
       0
       0
       0
       0
       1
       0
       0
       0
       0
       0
       0
       0
       0
       0
       0
       0
       0
       0
       0
       0
       0
       0
       0
       0
       0
       0
       0
       0
       0
       0
       0
       0
       0
       0
       0
       0
       0
       0
       0
       0
       0
       0
       0
       0
       0
       0
       0
       0
       0
       0
       0
       0
       0
       0
       0
       0
       0
       0
       0
       0
       0
       1
       0
       0
       0
       0
       0
       0
       0
       0
       0
       0
       0
       0
       0
       0
       0
       0
       0
       0
       0
       0
       0
       0
       0
       0
       0
       0
       0
       0
       0
       0
       0
       0
       0
       0
       0
       0
       0
       0
       0
       0
       0
       0
       0
       0
       0
       0
       0
       0
       0
       0
       0
       0
       0
       0
       0
       0
       0
       0
       0
       0
       0
       0
       0
       0
       0
       0
       0
       0
       0
       0
       0
       0
       0
       0
       0
       0
       0
       0
       0
       0
       0
       0
       0
       0
       0
       0
       0
       0
       0
       0
       1
       0
       0
       0
       0
       0
       0
       0
       0
       0
       0
       0
       0
       0
       0
       1
       0
       0
       0
       0
       0
       0
       0
       0
       0
       0
       0
       0
       0
       0
       0
       0
       0
       0
       0
       0
       0
       0
       0
       0
       0
       0
       0
       0
       0
       0
       0
       0
       0
       0
       0
       0
       0
       0
       0
       0
       0
       0
       0
       0
       0
       0
       0
       0
       0
       0
       0
       0
       0
       0
       0
       0
       0
       0
       0
       0
       0
       0
       0
       0
       0
       0
       0
       0
       0
       0
       0
       0
       0
       0
       0
       0
       0
       0
       0
       0
       0
       0
       0
       0
       0
       0
       0
       0
       0
       0
       0
       0
       0
       0
       0
       0
       0
       0
       0
       0
       0
       0
       1
       0
       0
       0
       0
       0
       0
       0
       0
       0
       0
       0
       0
       0
       0
       0
       0
       0
       0
       0
       0
       0
       0
       0
       0
       0
       0
       0
       0
       0
       0
       0
       0
       0
       0
       1
       0
       0
       0
       0
       0
       0
       0
       0
       0
       0
       0
       0
       0
       0
       0
       0
       0
       0
       0
       0
       0
       0
       0
       0
       0
       0
       0
       0
       0
       0
       0
       0
       0
       0
       0
       0
       0
       0
       0
       0
       0
       0
       0
       0
       0
       0
       0
       0
       0
       0
       0
       1
       0
       0
       0
       1
       0
       0
       0
       0
       0
       0
       0
       0
       0
       0
       0
       0
       0
       0
       0
       0
       0
       0
       0
       0
       0
       0
       0
       0
       0
       0
       0
       0
       0
       0
       0
       0
       0
       0
       0
       0
       0
       0
       0
       0
       0
       0
       0
       0
       0
       0
       0
       0
       0
       0
       0
       0
       0
       0
       0
       0
       0
       0
       0
       0
       0
       0
       0
       0
       0
       0
       0
       0
       0
       0
       0
       0
       0
       0
       0
       0
       0
       0
       0
       0
       0
       0
       0
       0
       0
       0
       0
       0
       0
       0
       0
       0
       0
       0
       0
       0
       0
       0
       0
       0
       0
       0
       0
       0
       0
       0
       0
       0
       0
       0
       0
       0
       0
       0
       0
       0
       0
       0
       0
       0
       0
       0
       0
       0
       0
       0
       0
       0
       0
       0
       0
       0
       0
       0
       0
       0
       0
       0
       0
       0
       0
       0
       0
       0
       0
       0
       0
       0
       0
       0
       0
       0
       0
       0
       0
       0
       0
       0
       0
       0
       0
       0
       0
       0
       0
       0
       0
       0
       0
       0
       0
       0
       0
       0
       0
       0
       0
       0
       0
       0
       0
       0
       0
       0
       0
       0
       0
       0
       0
       0
       0
       0
       0
       0
       0
       0
       0
       0
       0
       0
       0
       0
       0
       0
       0
       0
       0
       0
       0
       0
       0
       0
       0
       0
       0
       0
       0
       0
       0
       0
       0
       0
       0
       0
       0
       0
       0
       0
       0
       0
       0
       0
       0
       0
       0
       0
       0
       0
       0
       0
       0
       0
       0
       0
       0
       0
       0
       0
       0
       0
       0
       0
       0
       0
       0
       0
       0
       0
       0
       0
       0
       0
       0
       0
       0
       0
       0
       0
       0
$ROI:
1
5349 5366
$PRESETS:
None
0
0
$ENER_FIT:
2.173241 0.407524
$MCA_CAL:
3
2.173241E+000 4.075244E-001 0.000000E+000 keV
$SHAPE_CAL:
3
5.213420E-001 1.196432E-003 0.000000E+000
