$SPEC_ID:
No sample description was entered.
$SPEC_REM:
DET# 1
DETDESC# DESKTOP-PNQJTCJ Easy-MCA-8k SN 09161357
AP# Maestro Version 7.01
$DATE_MEA:
09/30/2020 11:40:41
$MEAS_TIM:
457 460
$DATA:
0 8191
       0
       0
       0
       0
       0
       0
       0
       0
       0
       0
       0
       0
       0
       0
       0
       0
       0
       0
       0
       0
       0
       0
       0
       0
       0
       0
       0
       0
       0
       0
       0
       0
       0
       0
       0
       0
       0
       0
       0
       0
       0
       0
       0
       0
       0
       0
       0
       0
       0
       0
       0
       0
       0
       0
       0
       0
       0
       0
       0
       0
       0
       0
       0
       0
       0
       0
       0
       0
       0
       0
       0
       0
       0
       0
       0
       0
       0
       0
       0
       0
       0
       0
       0
       0
       0
       0
       0
       0
       0
       0
       0
       0
       0
       0
       0
       0
       0
       0
       0
       0
       0
       0
       0
       0
       0
       0
       0
       0
       0
       0
       0
       0
       0
       0
       0
       0
       0
       0
       0
       0
       0
       0
       0
       0
       0
       0
       0
       0
       0
       0
       0
       0
       0
       0
       0
       0
       0
       0
       0
       0
       0
       0
       0
       0
       0
       0
       0
       0
       0
       0
       0
       0
       0
       0
       0
       0
       0
       0
       0
       0
       0
       0
       0
       0
       0
       0
       0
       0
       0
       0
       0
       0
       0
       0
       0
       0
       0
       0
       0
       0
       0
       0
       0
       0
       0
       0
       0
       0
       0
       0
       0
       1
       4
       5
      13
      14
      16
      15
     138
     191
     211
     216
     224
     213
     238
     236
     208
     235
     209
     237
     234
     229
     255
     226
     237
     190
     194
     188
     221
     234
     217
     232
     197
     211
     198
     230
     239
     199
     195
     202
     180
     198
     195
     190
     216
     206
     208
     197
     181
     186
     218
     189
     206
     198
     210
     209
     170
     210
     178
     190
     203
     209
     229
     195
     198
     189
     205
     207
     163
     189
     208
     190
     208
     191
     192
     195
     209
     188
     176
     205
     181
     163
     198
     184
     175
     186
     177
     175
     175
     196
     164
     171
     168
     175
     151
     177
     165
     180
     166
     182
     162
     159
     182
     208
     180
     161
     145
     165
     147
     163
     178
     179
     174
     147
     169
     166
     165
     177
     167
     143
     153
     149
     171
     149
     146
     147
     152
     154
     152
     149
     155
     152
     148
     152
     163
     168
     148
     144
     138
     154
     161
     135
     165
     137
     164
     160
     134
     152
     118
     127
     138
     153
     135
     154
     133
     128
     141
     135
     118
     124
     121
     137
     147
     119
     130
     126
     111
     118
     126
     127
     130
     130
     126
     129
     127
     117
     141
     117
     123
     116
     138
     113
     111
     118
     128
     112
     132
     130
     134
     113
     126
     140
     102
     118
     120
     112
     118
     120
     114
     100
     111
     127
     108
     114
      98
     128
     106
     103
     120
     124
      94
     115
     108
     112
     117
      98
      95
     105
      99
      99
      93
      93
      95
     114
     108
      92
      99
     106
      88
      92
      95
     104
     107
     107
      97
     102
      85
      85
      95
     102
      89
      96
      90
     107
     101
      88
     100
     101
      85
      89
      83
      93
      83
      78
     104
      87
      81
      76
     100
      77
      87
      86
      76
      88
      99
      92
      94
      77
      73
      83
     106
      67
      68
      81
      72
      80
      93
      80
      95
      71
      80
      92
      67
      81
      73
      68
      74
      68
      66
      80
      69
      88
      59
      82
      80
      73
      66
      75
      66
      85
      86
      71
      72
      69
      72
      61
      84
      65
      53
      70
      66
      66
      70
      70
      65
      62
      77
      70
      57
      61
      67
      71
      75
      73
      77
      59
      68
      62
      74
      62
      61
      64
      67
      64
      61
      67
      74
      62
      64
      65
      66
      67
      72
      67
      71
      67
      49
      52
      53
      57
      57
      47
      42
      60
      58
      60
      60
      70
      56
      55
      59
      55
      65
      66
      58
      38
      59
      56
      60
      50
      58
      55
      51
      52
      46
      50
      45
      51
      47
      53
      56
      52
      45
      45
      57
      52
      59
      52
      50
      50
      53
      57
      91
     133
     103
      67
      47
      41
      65
      63
      55
      60
      59
      61
      46
      46
      47
      55
      44
      35
      44
      33
      34
      40
      42
      36
      46
      49
      36
      40
      49
      43
      28
      39
      45
      45
      41
      51
      48
      48
      53
      52
      41
      46
      45
      40
      26
      49
      52
      44
      34
      34
      41
      24
      33
      43
      34
      35
      44
      30
      39
      45
      37
      41
      45
      32
      35
      35
      47
      42
      34
      37
      34
      44
      43
      40
      21
      37
      36
      49
      39
      43
      32
      31
      40
      38
      34
      37
      28
      27
      35
      36
      24
      30
      32
      37
      30
      26
      25
      39
      26
      43
      35
      26
      40
      30
      32
      31
      43
      45
      29
      31
      42
      26
      26
      35
      34
      38
      39
      44
      26
      25
      39
      39
      32
      39
      28
      27
      32
      37
      31
      27
      29
      27
      39
      31
      29
      35
      30
      26
      32
      48
      73
      48
      35
      29
      29
      31
      36
      33
      23
      25
      29
      30
      32
      31
      26
      25
      25
      30
      33
      23
      24
      19
      29
      36
      29
      35
      23
      29
      33
      26
      25
      28
      25
      27
      28
      31
      28
      31
      25
      30
      38
      34
      13
      32
      32
      22
      24
      20
      30
      21
      24
      28
      20
      22
      26
      15
      26
      23
      20
      25
      26
      32
      17
      31
      20
      31
      19
      25
      28
      24
      22
      18
      23
      23
      25
      26
      23
      16
      30
      21
      27
      21
      32
      22
      22
      21
      25
      20
      22
      31
      13
      31
      66
      62
      73
      44
      22
      12
      27
      26
      22
      18
      30
      21
      27
      28
      43
      41
      16
      18
      25
      31
      17
      25
      19
      22
      20
      22
      16
      17
      20
      17
      16
      21
      22
      22
      22
      14
      24
      22
      17
      20
      20
      19
      23
      16
      23
      39
      65
      66
      65
      30
      17
      10
      16
      29
      18
      21
      14
      18
      17
      20
      23
      23
      14
      20
      16
      20
      18
      18
      14
      14
      16
      20
      12
      19
      16
      17
      19
      10
      16
      18
      15
      23
      17
       9
      17
      20
      17
      21
      23
      13
      10
      12
      18
      21
      17
      16
      13
      15
      26
      23
      17
      10
      19
      15
      14
      14
      17
      21
      13
      26
      20
      18
      13
      16
      18
      20
      12
      18
      12
      20
      12
      13
      18
      17
      14
      14
      14
      16
      12
      15
      14
      12
      20
      32
     100
     217
     258
     132
      46
      12
       9
      10
      13
      14
      13
      17
      11
       6
      10
      14
      15
      17
      15
      15
      15
      13
      11
       9
      14
      19
      10
      20
      15
      16
      11
      14
      10
      11
      21
      13
       8
      16
      16
      11
      13
       9
      17
       9
      10
      18
      12
      16
      22
      12
      12
      11
      14
      12
      19
      10
      12
      16
      11
      15
      17
      13
      17
      14
      12
      10
      14
       5
      11
      17
       9
      20
      12
      10
      17
      10
       7
      14
      11
      10
      14
      15
      16
      14
      12
      12
      11
      22
      11
      13
      17
       9
      15
      17
      12
      14
       9
      10
      15
      13
      13
      15
      17
       7
      13
      12
       8
      11
      15
      11
       5
      11
       9
      14
      17
      16
      16
      12
      14
      13
      16
       7
       7
      12
       9
      20
      17
      12
      10
      15
       9
      11
       9
      18
       5
      15
      13
      11
       8
       9
      13
      15
      14
      12
      10
       7
       9
       9
      11
      11
       9
       8
       9
      10
      12
      16
       7
      12
      10
      14
      11
       8
       8
      11
       8
       7
      15
      11
       6
      12
       8
       8
       8
       9
       7
      10
      11
      10
       6
      12
      10
       4
       9
      15
      12
      11
      13
       6
       7
       6
       8
      12
       4
      11
      15
      11
       9
      11
       9
       4
      10
       4
       8
       8
      14
      11
       9
       7
       6
      10
      14
      11
       4
       9
      12
       6
      12
      11
      10
      12
      15
      10
       5
       7
      12
       9
      12
       8
      14
       7
      10
       6
      13
       9
      10
       5
       9
      11
       6
      15
      10
       5
       5
       7
      11
      16
      10
      10
       9
      18
       9
       9
       6
       7
       3
       6
      12
       7
      10
      10
       5
       2
      11
       8
       8
       6
       9
       7
       7
       9
      10
       2
       7
       7
      11
      11
      10
       6
      10
      16
       6
       7
       4
      12
      12
       9
      13
       9
       6
      11
      11
       6
      10
       8
       9
      10
       8
       9
       8
      14
      13
      15
      19
      12
      17
       5
      10
       9
       7
      10
       7
       9
       6
       6
      11
       9
       9
       5
      10
      12
      17
      13
       9
       3
      10
       6
      12
       5
      14
      12
       2
      13
       5
       5
       8
       3
      11
       8
       6
      17
       8
       7
       9
       9
       9
       4
       6
       5
       5
       3
       5
       6
       6
       9
       9
      10
       7
       8
       4
       6
      11
       8
       7
       3
       6
       5
       8
       5
       6
       6
       6
       9
       5
       7
       5
      10
       4
       7
       6
       3
      10
      12
       8
       9
       5
       5
       3
       8
       8
       9
       8
       7
       3
       8
       4
       5
       4
       6
       6
       5
      11
       9
       4
       9
       7
       9
       6
       2
       7
       7
       4
      11
       7
       6
      11
       6
       7
       7
       6
       6
       6
       3
       7
       4
       4
       7
      10
       7
       6
       8
       4
       5
       7
       9
       4
      11
       6
      13
       8
       6
       7
      10
       7
       5
      10
       7
       8
       8
       8
       5
       7
       9
       6
       9
       4
      10
       9
       4
       5
       2
       3
      11
       6
       7
       6
      13
       6
       5
       4
      11
       2
       5
       6
       8
       6
       3
       9
      14
      23
      37
      37
      16
      16
       4
       6
       6
       2
       9
       7
       5
       2
       8
       3
       5
       3
       6
       8
       7
       3
       8
       6
       4
       5
       3
       5
       7
       6
       7
       2
       3
       6
       9
       8
       6
      11
       5
       7
       7
      11
       4
       4
      10
       5
       5
       4
       6
       3
       6
       9
       2
      10
       5
      10
       7
       6
       6
       3
       6
       8
       3
       7
      12
      33
      40
      51
      20
       9
       6
       9
       5
       2
       9
       7
       7
       3
       3
       6
       7
       9
       4
       8
       5
       6
       7
       2
       5
       2
       7
       6
       7
      10
       5
       7
       6
       8
       6
       5
       8
       7
       6
      10
       6
       2
       4
       4
       8
       3
       6
       5
       5
       7
       2
       4
       4
       3
       6
       7
      11
       7
       4
       2
       2
       7
       4
       3
       1
       2
       5
       4
       5
       3
       5
       5
       3
       6
       5
       5
       7
       3
       3
       2
      11
       5
       3
       0
       6
      11
       5
       6
       6
       3
       1
       7
       6
       3
       4
       5
       8
       6
       6
       6
       6
       4
       7
       3
       3
       3
       7
       6
       7
       7
       3
       4
       7
       3
       2
       3
       6
       6
       6
      10
       5
       4
       3
       4
       5
       5
       8
       2
       6
      18
      52
      65
      46
      21
       8
       1
       7
       6
      10
       4
       4
       5
       3
       9
       4
       3
       2
       6
       3
       4
       2
       1
       5
       5
      10
       4
       3
       7
       4
       6
       2
       7
       1
       3
       7
       5
       9
       4
       4
       8
       5
       7
       4
       4
       7
       5
       4
       4
       2
       6
       5
       5
       4
       7
       6
       2
       5
       3
       4
       4
       4
       1
       5
       5
       7
       5
       3
       5
       4
       1
       2
       3
       7
       4
       4
       5
       7
       5
       4
       7
       6
       7
       4
       4
       3
       3
       5
       4
       4
       4
       7
       6
       2
       2
       2
       6
       2
       4
       6
       3
       4
       4
       4
       6
       3
       3
       1
       6
       2
       7
       5
       8
       6
       3
       4
       4
       4
       5
       8
       4
       5
       3
       3
       3
       8
       1
       6
       2
       5
       3
       4
       5
       5
       4
       2
       6
       7
       8
       7
       4
       7
       5
       2
       2
       8
       2
       1
       3
       4
       3
       6
       3
       3
       7
       6
       4
       2
       5
       4
       9
       8
       8
      11
       8
       4
       6
       2
       3
       6
       2
       3
       2
       5
       4
       4
       3
       4
       4
       3
       4
       6
       9
       7
       7
       0
       3
       1
       2
       6
       6
       3
       2
       3
       6
       3
       2
       8
       7
       2
       5
       4
       4
       8
       7
       5
       5
       3
       4
       4
       5
       1
       7
       3
       4
       4
       4
       4
       5
       8
       6
       4
       3
       3
       0
       7
       4
       7
       5
       2
       3
       4
       1
       4
       8
       4
       2
       2
       6
       6
       7
       1
       2
       4
       5
       4
       5
       3
       3
       4
       3
       2
      10
       5
       5
       5
       6
       4
       5
       4
       3
       4
      10
      10
       8
       2
       5
       3
       5
       6
       3
       3
       8
       8
       5
       9
       7
       6
       3
       4
       1
       7
       2
       4
       3
       4
       3
       4
       3
       3
       4
       2
       4
       7
       5
       6
       4
       4
       4
       5
       2
       5
       2
       3
       3
       4
       4
       2
       2
       2
       4
       3
       3
       3
       5
       6
       1
       2
       3
       2
       4
       3
       4
       1
       3
       7
       4
       6
       7
      13
       4
       7
       4
       3
       4
       4
       1
       3
       0
       3
       5
       5
       3
       6
       1
       1
       1
       3
       3
       2
       4
       2
       3
       2
       3
       3
       4
       8
       7
       8
       5
       6
       5
       1
       3
       1
       1
       2
       3
       0
       3
       1
       1
       2
       0
       4
       8
       9
       4
       3
       1
       5
       1
       2
       6
       7
       5
       2
       2
       1
       9
       4
       2
       2
       6
       2
       4
       6
       0
       3
       2
       8
       6
       5
       2
       3
       6
       0
       4
       5
       3
       6
       4
       2
       7
       7
       3
       3
      10
       2
       2
       5
       8
       6
       4
       5
       3
       4
       7
       7
       2
       3
       5
       2
       2
       3
       3
       7
       3
       6
       4
       3
       2
       5
       4
       6
       6
       2
       6
       4
       3
       0
       5
       6
       0
       5
       6
       4
       7
       7
       0
       4
       3
       2
       3
       1
       1
       5
       2
       4
       1
       3
       7
       3
       2
       0
       5
       8
       4
       5
       3
       2
       5
       2
       3
       5
       2
       4
       8
       5
       4
       3
       1
       5
       7
       3
       5
       7
       3
       2
       4
       1
       2
       3
       1
       5
       2
       4
       2
       4
       3
       4
       1
       2
       5
       2
       1
       2
       2
       7
       3
       1
       5
       3
       3
       4
       5
       2
       1
       1
       4
       7
       4
       6
       6
       3
       8
       1
       2
       1
       4
       2
       5
       3
       3
       1
       5
       4
       5
       3
       1
       2
       2
       5
       2
       2
       4
       4
       3
       3
       2
       3
       3
       2
       2
       2
       4
       7
       1
       4
       5
       6
       4
       3
       2
       1
       1
       0
       4
       3
       3
       3
       2
       6
       4
       7
       3
       4
       3
       2
       3
       2
       0
       4
       3
       5
       3
      11
       1
       6
       4
       4
       3
       2
       2
       1
       4
       1
       1
       8
       5
       9
      18
      22
      27
       9
       8
       3
       2
       1
       1
       0
       3
       4
       0
       4
       3
       3
       1
       2
       6
       3
       7
       4
       1
       1
       0
       2
       5
       1
       3
       1
       4
       8
       4
       5
       2
       3
       0
       2
       3
       2
       4
       1
       2
       1
       3
       1
       3
       4
       4
       2
       2
       2
       2
       3
       3
       4
       5
       5
      10
       6
       2
       0
       2
       3
       2
       4
       1
       1
       4
       3
       3
       4
       2
       3
       4
       0
       1
       1
       2
       5
       4
       4
       1
       2
       4
       1
       4
       7
       4
       2
       3
       1
       6
       2
       4
       1
       2
       2
       3
       2
       2
       0
       3
       2
       1
       3
       2
       3
       2
       4
       2
       6
       3
       2
       4
       1
       6
       5
       3
       2
       3
       3
       4
       2
       3
       2
       4
       2
       4
       3
       5
       6
       5
       6
       3
       5
       3
       3
       3
       0
       9
      10
      12
      11
       7
       9
       7
       5
       3
       3
       2
       5
       2
       0
       5
       2
       3
       2
       3
       2
       4
       6
       1
       1
       2
       1
       5
       5
       1
       2
       1
       1
       4
       1
       4
       1
       1
       5
       4
       3
       3
       4
       1
       2
       1
       2
       1
       5
       4
       3
       3
       2
       1
       1
       2
       4
       2
       0
       0
       1
       1
       1
       2
       3
       0
       5
       1
       3
       2
       1
       0
       2
       6
       5
       1
       1
       4
       6
       5
       1
       4
       3
       4
       3
       2
       2
       1
       5
       4
       4
       3
       3
       1
       4
       1
       2
       2
       5
       2
       2
       2
       6
       4
       4
       1
       2
       4
       5
       1
       2
       2
       4
       3
       3
       3
       1
       4
       7
       3
       3
       2
       0
       2
       2
       1
       4
       5
       4
       5
       2
       4
       4
       1
       2
       3
       2
       0
       1
       1
       2
       4
       5
       2
       5
       2
       2
       4
       3
       3
       2
       3
       3
       5
       3
       2
       5
       5
       0
       2
       4
       4
       1
       4
       2
       3
       2
       1
       6
       1
       4
       3
       3
       4
       1
       2
       2
       4
       1
       1
       1
       0
       0
       3
       2
       2
       2
       1
       1
       2
       3
       2
       1
       4
       3
       1
       2
       3
       2
       3
       2
       2
       5
       2
       1
       1
       1
       3
       3
       3
       3
       3
       2
       2
       4
       3
       4
       2
       4
       0
       0
       1
       0
       4
       2
       1
       2
       1
       3
       1
       0
       5
       3
       0
       2
       4
       6
       2
       3
       2
       3
       3
       5
       1
       4
       2
       1
       3
       2
       1
       1
       1
       2
       2
       5
       1
       2
       1
       7
       1
       2
       2
       1
       3
       1
       3
       0
       2
       1
       4
       1
       1
       4
       3
       3
       2
       2
       1
       3
       4
       3
       1
       0
       5
       7
       2
       4
       3
       0
       4
       2
       3
       0
       2
       3
       5
       1
       4
       2
       2
       5
       4
       3
       2
       1
       5
       2
       3
       5
       1
       2
       5
       6
       3
       2
       1
       3
       6
       2
       1
       1
       2
       3
       5
       1
       1
       0
       5
       4
       5
       2
       6
       3
       5
       1
       3
       2
       2
       3
       3
       1
       6
       4
       2
       5
       3
       3
       2
       4
       1
       3
       1
       4
       3
       3
       1
       2
       0
       6
       2
       2
       3
       2
       0
       6
       5
       1
       4
       0
       1
       4
       6
       3
       9
      10
      13
       7
       4
       5
       3
       2
       3
       2
       1
       3
       4
       3
       4
       2
       5
       1
       0
       2
       4
       3
       4
       2
       5
       3
       4
       5
       1
       3
       3
       5
       2
       3
       2
       3
       4
       0
       1
       3
       1
       1
       1
       4
       2
       3
       4
       4
       3
       2
       3
       3
       1
       1
       1
       2
       1
       3
       2
       5
       3
       2
       2
       0
       4
       4
       3
       3
       6
       0
       3
       3
       2
       2
       2
       1
       1
       3
       3
       3
       5
       1
       6
       3
       2
       2
       0
       5
       4
       2
       2
       0
       4
       6
       3
       0
       3
       1
       2
       1
       2
       3
       2
       2
       3
       2
       3
       0
       5
       3
       1
       1
       6
       4
       3
       0
       1
       2
       2
       0
       2
       3
       3
       1
       1
       3
       4
       5
       4
       5
       2
       1
       1
       4
       2
       1
       1
       0
       3
       1
       3
       2
       4
       1
       2
       4
       3
       0
       5
       2
       3
       2
       4
       0
       2
       2
       2
       5
       3
       1
       4
       4
       3
       2
       3
       4
       5
       4
       2
       2
       7
       1
       2
       1
       2
       3
       1
       1
       0
       3
       3
       4
       3
       3
       4
       2
       6
       2
       9
       2
       2
       2
       3
       2
       2
       3
       4
       3
       2
       4
       1
       1
       4
       1
       2
       2
       5
       5
       4
       2
       3
       2
       1
       5
       3
       1
       2
       7
       2
       5
       4
       2
       1
       2
       3
       2
       4
       3
       5
       1
       4
       1
       3
       4
       5
       3
       2
       2
       4
       4
       2
       3
       0
       2
       3
       4
       3
       3
       2
       7
       2
       4
       5
       9
       2
       5
       3
       1
       5
       2
       8
       2
       3
       0
       4
       6
       4
       1
       4
       1
       1
       5
       2
       2
       4
       2
       5
       2
       3
       4
       3
       3
       3
       2
       6
       2
       4
       3
       5
       3
       7
       5
       8
       3
       4
       2
       2
       2
       2
       0
       1
       4
       2
       5
       1
       3
       3
       1
       1
       0
       3
       1
       4
       1
       1
       2
       1
       1
       1
       0
       2
       1
       0
       3
       4
       2
       2
       1
       2
       4
       2
       3
       2
       1
       3
       1
       3
       2
       4
       2
       1
       2
       2
       2
       5
       3
       2
       1
       3
       1
       1
       2
       0
       0
       0
       2
       1
       0
       2
       2
       1
       0
       1
       1
       2
       5
       1
       2
       1
       1
       3
       2
       3
       0
       3
       5
       2
       2
       3
       1
       2
       2
       2
       2
       3
       6
       1
       2
       7
       1
       2
       4
       2
       3
       4
       2
       1
       4
       1
       1
       1
       0
       3
       2
       1
       0
       5
       2
       1
       0
       2
       1
       5
       2
       1
       2
       3
       1
       2
       1
       1
       0
       2
       1
       2
       0
       1
       1
       1
       4
       4
       2
       1
       0
       1
       2
       0
       0
       2
       0
       0
       4
       2
       1
       4
       2
       2
       0
       0
       0
       0
       1
       0
       4
       0
       2
       1
       0
       0
       0
       1
       3
       0
       0
       5
       3
       2
       3
       0
       2
       0
       4
       0
       5
       2
       2
       1
       0
       1
       1
       1
       0
       3
       2
       1
       1
       1
       0
       4
       1
       1
       1
       1
       0
       1
       1
       0
       3
       1
       1
       1
       1
       0
       1
       1
       2
       0
       1
       1
       0
       2
       3
       2
       2
       1
       0
       1
       0
       2
       1
       4
       3
       1
       2
       0
       0
       0
       0
       5
       2
       0
       2
       1
       1
       1
       4
       1
       0
       1
       1
       1
       1
       3
       2
       3
       2
       2
       0
       1
       1
       0
       2
       1
       1
       0
       2
       0
       0
       0
       0
       1
       2
       3
       1
       0
       1
       3
       2
       2
       2
       1
       2
       2
       1
       4
       2
       2
       0
       0
       1
       1
       0
       0
       0
       2
       1
       2
       2
       1
       1
       1
       1
       2
       0
       1
       2
       2
       2
       2
       0
       0
       1
       2
       1
       0
       2
       1
       1
       3
       4
       1
       0
       1
       2
       2
       1
       0
       0
       1
       4
       2
       1
       0
       2
       2
       1
       0
       0
       1
       1
       1
       2
       4
       3
       2
       3
       1
       3
       1
       0
       4
       2
       1
       2
       1
       0
       2
       0
       1
       1
       2
       2
       1
       1
       1
       0
       0
       1
       1
       1
       4
       1
       0
       0
       2
       1
       1
       1
       1
       0
       1
       1
       0
       0
       0
       1
       0
       1
       2
       0
       1
       2
       1
       1
       0
       3
       1
       0
       0
       1
       2
       0
       0
       1
       1
       0
       2
       0
       0
       1
       1
       1
       0
       1
       2
       0
       2
       3
       0
       2
       1
       1
       1
       1
       1
       2
       0
       1
       0
       3
       1
       1
       1
       0
       2
       1
       0
       0
       1
       2
       1
       1
       1
       0
       2
       1
       0
       1
       0
       1
       0
       2
       1
       1
       1
       4
       4
       3
       1
       0
       3
       1
       1
       1
       1
       1
       1
       0
       0
       1
       3
       1
       1
       2
       1
       0
       0
       2
       1
       3
       0
       1
       0
       3
       2
       1
       0
       0
       0
       1
       0
       3
       3
       1
       0
       2
       1
       1
       1
       0
       0
       1
       2
       2
       0
       1
       1
       0
       1
       1
       1
       2
       0
       0
       2
       1
       1
       3
       2
       1
       1
       2
       0
       0
       0
       0
       2
       1
       2
       0
       1
       2
       0
       1
       1
       1
       1
       1
       2
       3
       3
       4
      21
      26
      58
      79
      80
      57
      56
      19
       6
       5
       2
       0
       0
       0
       0
       3
       2
       0
       1
       0
       0
       0
       0
       1
       0
       2
       0
       0
       0
       1
       1
       0
       0
       1
       0
       0
       0
       2
       1
       1
       3
       1
       0
       0
       1
       2
       0
       2
       0
       0
       3
       1
       0
       1
       1
       1
       0
       0
       1
       0
       0
       1
       0
       0
       0
       1
       3
       1
       0
       1
       1
       0
       1
       0
       0
       1
       0
       3
       0
       0
       0
       3
       0
       2
       0
       0
       1
       0
       0
       1
       0
       0
       0
       0
       3
       0
       0
       0
       1
       0
       0
       1
       0
       2
       0
       0
       1
       1
       0
       2
       0
       1
       2
       1
       1
       0
       0
       0
       1
       0
       0
       1
       3
       2
       1
       0
       0
       0
       0
       1
       1
       0
       0
       0
       0
       1
       0
       0
       0
       0
       0
       1
       2
       1
       1
       0
       1
       0
       0
       0
       0
       1
       1
       1
       0
       1
       0
       0
       1
       1
       0
       0
       0
       0
       1
       0
       0
       0
       1
       1
       0
       0
       1
       1
       0
       1
       1
       0
       2
       0
       1
       1
       1
       0
       0
       2
       1
       2
       1
       0
       1
       0
       1
       1
       0
       2
       0
       1
       1
       0
       1
       1
       0
       1
       1
       2
       1
       0
       1
       1
       0
       1
       1
       1
       1
       1
       0
       0
       0
       0
       0
       0
       0
       1
       4
       2
       0
       1
       1
       0
       0
       1
       1
       0
       1
       0
       0
       0
       0
       0
       1
       0
       2
       0
       1
       0
       1
       0
       0
       1
       0
       0
       1
       0
       1
       0
       0
       1
       2
       0
       0
       1
       2
       0
       1
       0
       2
       0
       2
       1
       1
       1
       0
       1
       1
       3
       0
       0
       1
       0
       1
       0
       2
       2
       1
       1
       0
       1
       1
       0
       1
       0
       0
       0
       2
       0
       2
       1
       1
       1
       0
       1
       0
       0
       3
       1
       3
       1
       1
       1
       1
       0
       4
       1
       1
       4
       4
       0
       0
       0
       0
       1
       1
       4
       0
       3
       5
       4
       5
       0
       1
       0
       0
       0
       0
       1
       1
       1
       1
       1
       0
       0
       0
       0
       3
       1
       1
       1
       1
       0
       0
       0
       0
       1
       0
       1
       0
       1
       0
       1
       1
       0
       0
       0
       0
       0
       2
       0
       0
       1
       0
       0
       1
       0
       0
       2
       2
       0
       0
       1
       1
       0
       0
       0
       0
       0
       1
       0
       1
       1
       0
       0
       0
       1
       0
       0
       0
       1
       1
       2
       1
       0
       0
       0
       2
       0
       3
       0
       0
       0
       1
       0
       0
       1
       0
       0
       0
       0
       0
       1
       1
       0
       1
       0
       1
       1
       0
       0
       1
       0
       0
       0
       0
       1
       0
       1
       0
       0
       0
       0
       0
       1
       1
       0
       0
       0
       0
       0
       1
       0
       2
       0
       1
       0
       0
       1
       1
       1
       1
       0
       0
       1
       1
       0
       0
       1
       0
       2
       0
       0
       0
       1
       0
       0
       0
       1
       0
       1
       0
       0
       0
       1
       1
       0
       0
       0
       0
       0
       0
       0
       0
       0
       2
       0
       0
       0
       1
       0
       0
       1
       0
       0
       0
       0
       0
       0
       1
       0
       0
       0
       1
       1
       0
       0
       0
       1
       0
       0
       1
       1
       0
       2
       0
       0
       0
       0
       0
       1
       0
       2
       0
       0
       0
       1
       1
       0
       0
       1
       0
       0
       1
       1
       0
       0
       0
       0
       1
       1
       0
       0
       0
       1
       1
       0
       0
       0
       0
       0
       0
       0
       0
       1
       0
       1
       0
       0
       0
       1
       0
       0
       1
       0
       1
       1
       0
       1
       0
       0
       1
       0
       0
       0
       1
       1
       0
       0
       0
       0
       1
       0
       1
       0
       0
       0
       0
       0
       0
       0
       1
       0
       0
       0
       2
       2
       0
       0
       0
       0
       0
       0
       1
       0
       2
       0
       0
       0
       0
       1
       0
       0
       1
       1
       1
       0
       1
       0
       0
       1
       2
       1
       1
       0
       0
       0
       0
       0
       1
       0
       0
       0
       1
       1
       2
       0
       1
       0
       0
       0
       1
       0
       1
       1
       0
       0
       0
       1
       1
       1
       1
       0
       2
       1
       0
       1
       1
       1
       0
       0
       1
       0
       0
       0
       1
       0
       0
       0
       0
       0
       3
       0
       0
       0
       1
       1
       0
       0
       1
       0
       0
       1
       1
       1
       1
       0
       1
       1
       1
       0
       0
       1
       0
       1
       2
       0
       0
       1
       2
       1
       2
       1
       0
       0
       0
       0
       1
       0
       1
       1
       2
       1
       1
       0
       0
       0
       0
       0
       1
       0
       0
       0
       1
       1
       0
       1
       1
       0
       1
       1
       0
       0
       1
       1
       0
       2
       2
       7
       9
       4
       4
       5
       5
       1
       1
       1
       0
       0
       0
       0
       0
       0
       1
       0
       0
       0
       1
       1
       0
       0
       0
       0
       0
       1
       0
       0
       0
       0
       0
       0
       0
       0
       0
       0
       1
       0
       2
       0
       0
       0
       0
       0
       1
       0
       0
       0
       1
       0
       0
       0
       0
       1
       0
       0
       0
       0
       0
       0
       1
       0
       1
       2
       0
       0
       0
       0
       0
       1
       1
       0
       0
       0
       0
       0
       0
       1
       2
       1
       0
       0
       0
       0
       0
       1
       0
       0
       1
       0
       1
       2
       0
       0
       1
       1
       1
       0
       1
       0
       0
       0
       0
       1
       0
       0
       2
       1
       0
       0
       0
       0
       0
       0
       0
       1
       0
       0
       0
       1
       0
       0
       1
       1
       0
       1
       0
       0
       1
       2
       2
       1
       1
       0
       2
       1
       0
       0
       0
       0
       0
       1
       0
       2
       0
       1
       1
       0
       0
       0
       0
       0
       0
       0
       0
       0
       2
       1
       0
       0
       1
       0
       0
       1
       1
       0
       2
       1
       0
       0
       0
       0
       0
       1
       0
       0
       0
       2
       0
       0
       0
       1
       1
       0
       1
       0
       1
       0
       1
       0
       0
       0
       0
       0
       0
       0
       0
       0
       0
       1
       0
       0
       2
       0
       0
       0
       1
       0
       0
       1
       1
       1
       1
       0
       0
       1
       1
       0
       2
       0
       0
       0
       0
       1
       1
       0
       0
       0
       0
       1
       0
       0
       0
       0
       0
       0
       0
       0
       1
       0
       1
       1
       1
       0
       1
       1
       0
       1
       1
       3
       0
       0
       0
       1
       0
       0
       0
       0
       0
       2
       1
       1
       1
       2
       0
       1
       0
       0
       0
       2
       1
       0
       0
       0
       1
       0
       0
       1
       0
       0
       1
       0
       0
       1
       2
       0
       1
       0
       0
       0
       1
       0
       0
       0
       1
       1
       1
       0
       2
       0
       0
       0
       0
       0
       2
       0
       1
       0
       1
       0
       0
       1
       0
       1
       0
       0
       1
       1
       1
       0
       0
       0
       0
       1
       1
       1
       1
       0
       1
       2
       0
       0
       0
       0
       0
       0
       1
       0
       1
       0
       0
       0
       0
       0
       0
       0
       0
       1
       0
       0
       0
       0
       2
       1
       0
       0
       0
       0
       0
       2
       1
       0
       2
       1
       1
       1
       0
       0
       0
       1
       0
       1
       0
       0
       1
       0
       1
       0
       0
       2
       0
       0
       0
       2
       0
       0
       0
       0
       0
       0
       0
       1
       0
       1
       0
       1
       0
       0
       0
       0
       0
       0
       0
       0
       2
       0
       0
       0
       0
       0
       0
       1
       0
       1
       1
       0
       0
       2
       0
       0
       0
       0
       0
       0
       1
       0
       0
       1
       0
       0
       0
       0
       0
       0
       1
       0
       1
       0
       0
       0
       0
       0
       1
       0
       0
       0
       0
       1
       0
       1
       1
       0
       0
       0
       0
       0
       0
       0
       1
       0
       0
       1
       0
       0
       0
       0
       0
       1
       0
       0
       0
       0
       0
       0
       0
       0
       1
       0
       0
       0
       0
       2
       0
       0
       0
       0
       1
       0
       1
       0
       0
       0
       0
       0
       0
       0
       0
       2
       1
       0
       0
       0
       0
       0
       1
       0
       0
       0
       0
       0
       1
       1
       0
       0
       0
       1
       0
       0
       0
       0
       0
       1
       0
       0
       1
       0
       0
       0
       0
       0
       1
       0
       2
       1
       0
       1
       1
       0
       0
       0
       0
       0
       0
       0
       0
       0
       1
       0
       0
       0
       1
       0
       0
       0
       2
       0
       0
       0
       0
       1
       0
       0
       0
       1
       0
       0
       0
       0
       1
       0
       0
       0
       0
       0
       0
       0
       1
       0
       0
       1
       0
       0
       0
       0
       0
       0
       0
       0
       1
       0
       1
       0
       0
       0
       0
       1
       0
       0
       0
       0
       0
       0
       0
       0
       0
       1
       0
       0
       0
       1
       0
       0
       0
       1
       1
       1
       0
       0
       0
       0
       1
       0
       0
       0
       1
       0
       1
       0
       1
       0
       3
       0
       1
       0
       0
       0
       0
       0
       0
       0
       1
       0
       1
       0
       1
       0
       0
       1
       0
       2
       0
       0
       0
       0
       0
       0
       0
       1
       0
       1
       1
       0
       0
       0
       1
       0
       0
       0
       0
       0
       0
       0
       0
       0
       0
       0
       1
       0
       0
       0
       0
       1
       0
       0
       1
       0
       0
       0
       1
       0
       0
       0
       0
       0
       0
       0
       0
       0
       1
       0
       0
       0
       0
       0
       2
       0
       0
       0
       0
       0
       1
       0
       0
       0
       0
       0
       0
       0
       0
       0
       0
       0
       0
       1
       1
       1
       0
       0
       0
       0
       0
       0
       0
       1
       0
       1
       0
       0
       0
       0
       0
       1
       0
       1
       0
       0
       2
       1
       3
       0
       0
       0
       0
       0
       0
       0
       0
       0
       0
       1
       0
       0
       0
       0
       0
       0
       1
       0
       0
       0
       0
       0
       0
       0
       1
       0
       0
       1
       0
       0
       2
       0
       0
       0
       2
       1
       2
       0
       0
       0
       0
       1
       0
       0
       0
       0
       0
       0
       0
       0
       1
       0
       1
       0
       0
       0
       0
       0
       0
       0
       0
       0
       0
       0
       1
       0
       0
       1
       0
       0
       0
       0
       0
       0
       0
       0
       0
       0
       1
       0
       0
       0
       1
       1
       0
       3
       2
       0
       0
       0
       0
       0
       1
       0
       0
       2
       0
       1
       0
       0
       0
       0
       0
       0
       0
       0
       0
       0
       0
       0
       0
       0
       0
       0
       0
       0
       0
       0
       0
       0
       1
       1
       0
       0
       0
       1
       1
       0
       0
       1
       0
       0
       0
       0
       0
       0
       0
       0
       0
       0
       1
       0
       0
       1
       0
       0
       0
       0
       2
       0
       1
       0
       0
       0
       0
       0
       0
       0
       1
       0
       0
       0
       1
       0
       0
       0
       0
       1
       0
       0
       0
       1
       0
       0
       0
       0
       0
       2
       0
       0
       1
       0
       1
       0
       1
       0
       1
       1
       0
       0
       0
       0
       0
       1
       0
       0
       1
       0
       1
       0
       0
       0
       0
       0
       0
       1
       0
       0
       2
       1
       0
       0
       0
       0
       0
       0
       0
       1
       1
       1
       0
       0
       0
       2
       0
       0
       0
       0
       0
       2
       1
       0
       1
       1
       0
       0
       0
       0
       0
       0
       0
       1
       0
       1
       0
       1
       0
       0
       0
       0
       0
       0
       0
       0
       0
       1
       0
       0
       0
       0
       0
       0
       0
       0
       0
       0
       0
       2
       0
       0
       0
       0
       0
       0
       0
       0
       0
       0
       0
       2
       0
       1
       0
       1
       0
       0
       0
       0
       1
       0
       0
       0
       1
       0
       0
       0
       1
       1
       1
       0
       0
       0
       1
       0
       1
       0
       0
       0
       1
       1
       0
       0
       1
       0
       0
       1
       0
       0
       0
       1
       0
       0
       0
       0
       1
       1
       1
       1
       3
       2
       2
       1
       0
       1
       1
       1
       1
       0
       0
       0
       0
       0
       0
       0
       0
       0
       1
       1
       0
       0
       1
       1
       0
       0
       1
       0
       0
       0
       0
       0
       0
       1
       0
       0
       0
       1
       1
       0
       0
       0
       2
       0
       0
       1
       3
       2
       3
       0
       3
       0
       0
       0
       0
       0
       0
       0
       1
       0
       0
       0
       1
       0
       0
       1
       0
       2
       0
       0
       0
       0
       0
       0
       0
       0
       0
       0
       0
       0
       0
       0
       0
       0
       0
       0
       0
       0
       0
       0
       1
       0
       0
       0
       0
       0
       0
       2
       0
       0
       0
       0
       1
       0
       1
       0
       0
       0
       0
       0
       0
       1
       0
       1
       0
       1
       0
       0
       0
       0
       1
       0
       1
       1
       0
       0
       0
       0
       0
       0
       0
       1
       0
       0
       1
       0
       0
       0
       0
       1
       0
       0
       0
       1
       0
       1
       0
       0
       0
       0
       0
       0
       0
       0
       0
       0
       0
       0
       0
       0
       0
       1
       0
       0
       0
       1
       0
       0
       0
       0
       0
       2
       0
       1
       0
       0
       2
       0
       0
       0
       0
       0
       0
       1
       0
       0
       0
       0
       0
       0
       0
       0
       0
       1
       1
       0
       1
       0
       1
       0
       0
       0
       0
       0
       0
       2
       0
       0
       0
       0
       0
       0
       0
       0
       1
       1
       2
       0
       0
       0
       0
       1
       0
       0
       1
       1
       0
       1
       1
       1
       0
       1
       0
       0
       0
       1
       0
       0
       0
       0
       0
       0
       1
       0
       0
       0
       0
       0
       0
       0
       1
       0
       1
       0
       0
       0
       0
       0
       0
       0
       0
       0
       1
       0
       0
       0
       0
       0
       0
       0
       0
       0
       1
       0
       0
       0
       0
       0
       0
       0
       0
       0
       0
       0
       1
       0
       0
       0
       0
       0
       0
       0
       0
       0
       1
       0
       1
       3
       1
       1
       0
       0
       0
       0
       0
       0
       0
       0
       0
       0
       1
       0
       0
       0
       0
       1
       0
       0
       0
       1
       0
       0
       1
       1
       1
       1
       1
       2
       1
       0
       0
       0
       1
       0
       0
       0
       2
       0
       1
       0
       0
       0
       0
       1
       0
       1
       2
       1
       0
       0
       0
       0
       1
       0
       0
       0
       0
       0
       1
       1
       1
       0
       0
       0
       1
       1
       0
       0
       0
       0
       0
       1
       0
       0
       0
       0
       1
       0
       0
       1
       1
       0
       0
       0
       0
       0
       0
       1
       0
       2
       1
       0
       0
       0
       0
       0
       0
       0
       0
       0
       0
       0
       0
       0
       0
       0
       0
       0
       0
       1
       1
       1
       0
       0
       2
       0
       0
       1
       0
       1
       0
       0
       0
       0
       0
       1
       0
       0
       0
       0
       1
       0
       0
       0
       0
       1
       1
       0
       0
       0
       0
       0
       0
       1
       0
       0
       0
       0
       1
       0
       0
       0
       0
       1
       0
       0
       0
       0
       0
       0
       1
       0
       0
       0
       1
       0
       0
       1
       0
       0
       0
       0
       1
       0
       0
       0
       0
       0
       0
       0
       1
       0
       0
       0
       0
       1
       0
       1
       0
       0
       0
       0
       0
       1
       0
       0
       0
       0
       0
       0
       1
       1
       0
       0
       0
       0
       0
       0
       0
       0
       0
       0
       0
       0
       0
       0
       2
       0
       1
       1
       0
       0
       0
       0
       0
       1
       0
       0
       0
       1
       0
       0
       1
       0
       0
       0
       0
       1
       0
       0
       0
       0
       0
       1
       0
       0
       0
       0
       0
       0
       1
       0
       1
       0
       1
       0
       0
       1
       1
       0
       1
       0
       1
       0
       0
       0
       0
       0
       0
       0
       0
       0
       0
       0
       0
       0
       0
       1
       0
       1
       0
       0
       0
       0
       0
       0
       0
       0
       0
       0
       0
       0
       0
       2
       0
       0
       0
       1
       2
       0
       1
       0
       0
       0
       0
       0
       0
       0
       0
       0
       0
       0
       0
       0
       0
       0
       0
       0
       0
       0
       0
       0
       0
       0
       0
       0
       0
       0
       0
       0
       1
       0
       0
       0
       0
       0
       0
       0
       0
       0
       0
       2
       0
       0
       0
       0
       0
       0
       1
       0
       0
       0
       0
       0
       0
       0
       1
       0
       0
       0
       0
       1
       0
       0
       0
       0
       0
       0
       0
       0
       0
       0
       0
       0
       0
       0
       0
       0
       0
       1
       1
       0
       0
       0
       1
       1
       1
       0
       1
       0
       0
       0
       1
       0
       0
       1
       0
       0
       0
       0
       0
       0
       0
       0
       0
       0
       0
       0
       0
       0
       0
       0
       1
       0
       0
       0
       0
       0
       0
       0
       0
       0
       0
       0
       0
       0
       0
       0
       0
       0
       0
       0
       0
       0
       0
       0
       0
       0
       0
       0
       0
       0
       0
       0
       0
       0
       1
       0
       0
       0
       1
       0
       0
       0
       0
       0
       0
       0
       0
       0
       0
       0
       0
       0
       0
       0
       0
       0
       0
       2
       0
       0
       0
       0
       0
       0
       0
       0
       0
       0
       0
       0
       1
       0
       0
       0
       0
       0
       0
       0
       0
       0
       1
       0
       0
       1
       0
       0
       0
       0
       1
       0
       0
       0
       0
       0
       0
       0
       0
       0
       0
       0
       0
       0
       0
       0
       0
       0
       0
       0
       0
       0
       0
       0
       0
       0
       0
       0
       0
       0
       0
       0
       0
       0
       0
       0
       0
       0
       0
       1
       0
       0
       0
       0
       0
       0
       0
       0
       0
       0
       0
       0
       0
       0
       0
       0
       0
       0
       0
       0
       0
       0
       0
       0
       1
       0
       0
       1
       0
       0
       0
       0
       0
       0
       0
       0
       0
       0
       0
       0
       0
       0
       0
       0
       0
       0
       0
       0
       0
       0
       0
       0
       0
       0
       0
       0
       0
       0
       0
       0
       0
       0
       0
       1
       0
       0
       0
       0
       0
       1
       0
       0
       0
       0
       0
       0
       0
       0
       0
       0
       0
       0
       0
       0
       1
       0
       0
       0
       0
       0
       0
       0
       0
       0
       0
       0
       0
       0
       0
       0
       0
       0
       0
       0
       0
       0
       0
       0
       0
       0
       0
       0
       0
       0
       0
       0
       0
       0
       0
       0
       0
       0
       0
       0
       0
       0
       0
       0
       0
       0
       0
       0
       0
       0
       0
       0
       0
       0
       0
       0
       0
       0
       0
       0
       0
       0
       0
       0
       0
       0
       0
       0
       0
       0
       0
       0
       0
       0
       0
       0
       3
       3
       4
       6
       3
       7
       9
      12
       3
       2
       1
       1
       0
       0
       0
       0
       1
       0
       0
       0
       0
       0
       0
       0
       0
       0
       0
       0
       0
       0
       0
       0
       0
       0
       0
       0
       0
       0
       0
       0
       0
       0
       0
       0
       0
       0
       0
       0
       0
       0
       0
       0
       0
       0
       0
       0
       0
       0
       0
       0
       0
       0
       0
       0
       0
       0
       0
       0
       0
       0
       0
       0
       0
       0
       0
       0
       0
       0
       0
       0
       0
       0
       0
       0
       0
       0
       0
       0
       0
       0
       0
       0
       0
       0
       0
       0
       0
       0
       0
       0
       0
       0
       0
       0
       0
       0
       0
       0
       0
       0
       0
       0
       0
       0
       0
       0
       0
       0
       0
       0
       0
       0
       0
       0
       0
       0
       0
       0
       0
       0
       0
       0
       0
       0
       0
       0
       0
       0
       0
       0
       0
       0
       0
       0
       0
       0
       0
       0
       0
       0
       0
       0
       0
       0
       0
       0
       0
       0
       0
       0
       0
       0
       0
       0
       0
       0
       0
       0
       0
       0
       0
       0
       0
       0
       0
       0
       0
       0
       0
       0
       0
       1
       0
       0
       0
       0
       0
       0
       0
       0
       0
       0
       0
       0
       0
       0
       0
       0
       0
       0
       0
       0
       0
       0
       0
       0
       0
       0
       0
       0
       0
       0
       0
       0
       0
       0
       0
       0
       0
       0
       0
       0
       0
       0
       0
       0
       0
       0
       0
       0
       0
       0
       0
       0
       0
       0
       0
       0
       0
       0
       0
       0
       0
       0
       0
       0
       0
       0
       0
       0
       0
       0
       0
       0
       0
       0
       0
       0
       0
       0
       0
       0
       0
       0
       0
       0
       0
       0
       0
       0
       0
       0
       0
       0
       0
       0
       0
       0
       0
       0
       0
       0
       0
       0
       0
       0
       0
       0
       0
       0
       0
       0
       0
       0
       0
       0
       0
       0
       0
       0
       0
       0
       0
       0
       0
       0
       0
       0
       0
       0
       0
       0
       0
       0
       0
       0
       0
       0
       0
       0
       0
       0
       0
       0
       0
       0
       0
       0
       0
       0
       0
       0
       0
       0
       0
       0
       0
       0
       0
       0
       0
       0
       0
       0
       0
       0
       0
       0
       0
       1
       0
       0
       0
       0
       0
       0
       0
       0
       0
       0
       0
       0
       0
       0
       0
       0
       0
       0
       0
       0
       0
       0
       0
       1
       0
       0
       0
       0
       0
       0
       0
       0
       0
       0
       0
       0
       0
       0
       0
       0
       0
       0
       0
       0
       0
       0
       0
       0
       1
       0
       0
       0
       0
       0
       0
       0
       0
       0
       0
       0
       0
       0
       0
       0
       0
       0
       0
       0
       0
       0
       0
       0
       0
       0
       0
       0
       0
       0
       0
       0
       0
       0
       0
       0
       0
       0
       0
       0
       0
       0
       0
       0
       0
       0
       0
       0
       0
       0
       0
       0
       0
       0
       0
       0
       0
       0
       0
       0
       0
       0
       0
       0
       0
       0
       0
       0
       0
       0
       0
       0
       0
       0
       0
       0
       0
       0
       0
       0
       0
       0
       0
       0
       0
       0
       0
       0
       0
       0
       0
       0
       0
       1
       0
       0
       0
       0
       0
       0
       0
       0
       0
       0
       0
       0
       0
       0
       0
       0
       0
       0
       0
       0
       0
       0
       0
       0
       0
       0
       0
       0
       0
       0
       0
       0
       0
       0
       0
       0
       0
       0
       0
       0
       0
       0
       0
       0
       0
       0
       0
       0
       0
       0
       0
       0
       0
       0
       0
       0
       0
       0
       0
       0
       1
       0
       0
       0
       0
       0
       0
       0
       0
       0
       0
       0
       0
       0
       0
       0
       0
       0
       0
       0
       0
       0
       0
       0
       0
       0
       0
       1
       0
       0
       0
       0
       0
       0
       0
       0
       0
       0
       1
       0
       0
       0
       0
       0
       0
       0
       0
       0
       0
       0
       0
       0
       0
       0
       0
       0
       0
       0
       0
       0
       0
       0
       0
       0
       0
       0
       0
       0
       0
       0
       0
       0
       0
       0
       0
       0
       0
       0
       0
       0
       0
       0
       0
       0
       0
       0
       0
       0
       0
       0
       0
       0
       0
       0
       0
       0
       0
       0
       0
       0
       0
       0
       0
       0
       0
       0
       0
       0
       0
       0
       0
       0
       0
       0
       0
       0
       0
       0
       0
       0
       0
       0
       0
       0
       0
       0
       0
       0
       1
       0
       0
       0
       0
       0
       0
       0
       0
       0
       0
       0
       0
       0
       0
       0
       0
       0
       0
       0
       0
       0
       0
       0
       0
       0
       0
       0
       0
       0
       0
       0
       0
       0
       0
       0
       0
       0
       0
       0
       0
       0
       0
       0
       0
       1
       0
       0
       0
       0
       0
       0
       0
       0
       0
       0
       0
       0
       0
       0
       0
       0
       0
       0
       0
       0
       0
       0
       0
       0
       0
       0
       0
       0
       0
       0
       0
       0
       0
       0
       0
       0
       0
       0
       0
       0
       0
       0
       0
       0
       0
       0
       0
       0
       0
       0
       0
       0
       0
       0
       0
       0
       0
       0
       0
       0
       0
       0
       0
       0
       0
       0
       0
       0
       0
       0
       0
       0
       0
       0
       0
       0
       0
       0
       0
       0
       0
       0
       0
       0
       0
       0
       0
       0
       0
       0
       0
       0
       0
       0
       0
       0
       0
       0
       0
       0
       0
       0
       0
       0
       0
       0
       0
       0
       0
       0
       0
       0
       0
       0
       0
       0
       0
       0
       0
       0
       0
       0
       0
       0
       0
       0
       0
       0
       0
       0
       0
       0
       0
       0
       0
       0
       0
       0
       0
       0
       0
       0
       0
       0
       0
       0
       0
       0
       0
       1
       0
       0
       0
       0
       0
       0
       0
       0
       0
       0
       0
       0
       0
       0
       1
       0
       0
       0
       0
       0
       0
       0
       0
       0
       0
       0
       0
       0
       0
       0
       0
       0
       0
       0
       0
       0
       0
       0
       0
       0
       0
       0
       0
       0
       0
       0
       0
       0
       0
       0
       0
       0
       0
       0
       0
       0
       0
       0
       0
       0
       0
       0
       0
       1
       0
       0
       0
       0
       0
       0
       0
       0
       0
       0
       0
       0
       0
       0
       0
       0
       0
       0
       0
       0
       0
       0
       0
       0
       0
       0
       0
       0
       0
       0
       0
       0
       0
       0
       0
       0
       0
       0
       0
       0
       1
       0
       0
       0
       0
       0
       1
       0
       0
       0
       0
       0
       0
       0
       0
       0
       0
       0
       0
       0
       0
       0
       0
       0
       0
       0
       0
       0
       0
       0
       0
       0
       0
       1
       0
       0
       0
       0
       0
       0
       0
       0
       0
       0
       0
       0
       0
       0
       0
       0
       0
       0
       0
       0
       0
       0
       0
       0
       0
       0
       0
       0
       0
       0
       0
       0
       0
       0
       0
       0
       0
       0
       0
       0
       0
       0
       0
       0
       0
       0
       0
       0
       0
       0
       0
       0
       0
       0
       0
       0
       0
       0
       0
       0
       0
       0
       0
       0
       0
       0
       0
       0
       0
       0
       0
       0
       0
       0
       1
       0
       0
       0
       0
       0
       0
       0
       0
       0
       0
       0
       0
       0
       0
       0
       0
       0
       0
       0
       0
       0
       0
       0
       0
       0
       0
       0
       0
       0
       0
       0
       0
       0
       0
       0
       0
       0
       0
       0
       0
       1
       0
       0
       0
       0
       0
       0
       0
       0
       0
       1
       0
       0
       0
       0
       0
       0
       0
       0
       0
       0
       0
       0
       0
       0
       0
       0
       0
       0
       0
       0
       0
       0
       0
       0
       0
       0
       0
       0
       0
       0
       0
       0
       0
       0
       0
       0
       0
       0
       0
       0
       0
       0
       0
       0
       0
       0
       0
       0
       0
       0
       0
       0
       0
       1
       0
       0
       0
       0
       0
       0
       0
       0
       0
       0
       0
       0
       0
       0
       0
       0
       0
       0
       0
       0
       0
       0
       0
       0
       0
       0
       0
       0
       0
       0
       0
       0
       0
       0
       0
       0
       0
       0
       0
       0
       0
       0
       0
       0
       0
       0
       0
       0
       0
       0
       0
       0
       0
       0
       0
       0
       0
       0
       0
       0
       0
       0
       0
       0
       0
       0
       0
       0
       0
       0
       0
       0
       0
       0
       0
       0
       0
       0
       0
       0
       0
       0
       0
       0
       0
       0
       0
       0
       0
       0
       0
       0
       0
       0
       0
       0
       0
       0
       0
       0
       0
       0
       0
       0
       0
       0
       0
       0
       0
       0
       0
       0
       0
       0
       0
       0
       0
       0
       0
       0
       0
       0
       0
       0
       0
       0
       0
       0
       0
       0
       0
       0
       0
       0
       0
       0
       0
       0
       0
       0
       0
       0
       0
       0
       0
       0
       0
       0
       0
       0
       0
       0
       0
       0
       0
       0
       0
       0
       0
       0
       0
       0
       0
       0
       0
       0
       0
       0
       0
       0
       0
       0
       0
       0
       0
       0
       0
       0
       0
       0
       0
       0
       0
       0
       0
       0
       0
       0
       0
       0
       0
       0
       0
       0
       0
       0
       0
       0
       0
       0
       0
       0
       0
       0
       0
       0
       0
       0
       0
       0
       0
       0
       0
       0
       0
       0
       0
       0
       0
       0
       0
       0
       0
       0
       0
       0
       0
       0
       0
       0
       0
       0
       0
       0
       0
       0
       0
       0
       0
       0
       0
       0
       0
       0
       0
       0
       0
       0
       0
       0
       0
       0
       0
       0
       0
       0
       0
       0
       0
       0
       0
       0
       0
       0
       0
       0
       0
       0
       0
       0
       0
       0
       0
       0
       0
       0
       0
       0
       0
       0
       0
       0
       0
       0
       0
       0
       0
       0
       0
       0
       0
       0
       0
       0
       0
       0
       0
       0
       0
       0
       0
       0
       0
       0
       0
       0
       0
       0
       0
       0
       0
       0
       0
       0
       0
       0
       0
       0
       0
       0
       0
       0
       0
       0
       0
       0
       0
       0
       0
       0
       0
       0
       0
       0
       0
       0
       0
       0
       0
       0
       0
       0
       0
       0
       0
       0
       0
       0
       0
       0
       0
       0
       0
       0
       0
       0
       0
       0
       0
       0
       0
       0
       0
       0
       0
       0
       0
       0
       0
       0
       0
       0
       0
       0
       0
       0
       0
       0
       0
       0
       0
       0
       0
       0
       0
       0
       0
       0
       0
       0
       0
       0
       0
       0
       0
       0
       0
       0
       0
       0
       0
       0
       0
       0
       0
       0
       0
       0
       0
       0
       0
       0
       0
       0
       0
       0
       0
       0
       0
       0
       0
       0
       0
       0
       0
       0
       0
       0
       0
       0
       0
       0
       0
       0
       0
       0
       0
       0
       0
       0
       0
       0
       0
       0
       1
       0
       0
       0
       1
       0
       0
       1
       0
       0
       0
       0
       0
       0
       0
       0
       0
       0
       0
       0
       0
       0
       0
       0
       0
       0
       0
       0
       0
       0
       0
       0
       0
       0
       0
       0
       0
       0
       0
       0
       0
       0
       0
       0
       0
       0
       0
       0
       0
       0
       0
       0
       0
       0
       0
       0
       0
       0
       0
       0
       0
       0
       0
       0
       0
       0
       0
       0
       0
       0
       0
       0
       0
       0
       0
       0
       0
       0
       0
       0
       0
       0
       0
       0
       0
       0
       0
       0
       0
       0
       0
       0
       0
       0
       0
       0
       0
       0
       0
       0
       0
       0
       0
       0
       0
       0
       0
       0
       0
       0
       0
       0
       0
       0
       0
       0
       0
       0
       0
       0
       0
       0
       0
       0
       0
       0
       0
       0
       0
       0
       0
       0
       0
       0
       0
       0
       0
       0
       0
       0
       0
       0
       0
       0
       0
       0
       0
       0
       0
       0
       0
       0
       0
       0
       0
       0
$ROI:
1
5349 5366
$PRESETS:
None
0
0
$ENER_FIT:
2.173241 0.407524
$MCA_CAL:
3
2.173241E+000 4.075244E-001 0.000000E+000 keV
$SHAPE_CAL:
3
5.213420E-001 1.196432E-003 0.000000E+000
