$SPEC_ID:
No sample description was entered.
$SPEC_REM:
DET# 1
DETDESC# DESKTOP-95CNEVU Easy-MCA-2k SN 16145343
AP# Maestro Version 7.01
$DATE_MEA:
09/30/2020 10:12:33
$MEAS_TIM:
794 818
$DATA:
0 2047
       0
       0
       0
       0
       0
       0
       0
       0
       0
       0
       0
       0
       0
       0
       0
       0
       0
       0
       0
       0
       0
       0
       0
       0
       0
       0
       0
       0
       0
       0
       0
       0
       0
       0
       0
       0
       0
       0
       1
    1601
    2360
    2426
    2461
    2292
    2082
    2031
    1946
    1929
    1887
    1841
    1795
    1597
    1650
    1636
    1670
    1627
    1642
    1723
    1718
    1817
    1806
    1783
    1844
    1833
    1766
    1840
    1919
    1976
    1909
    2062
    2020
    2041
    2104
    2099
    2150
    2085
    2185
    2216
    2189
    2167
    2270
    2211
    2234
    2302
    2290
    2265
    2172
    2348
    2283
    2326
    2278
    2248
    2351
    2305
    2222
    2307
    2339
    2339
    2372
    2424
    2448
    2449
    2473
    2447
    2577
    2602
    2671
    2681
    2736
    2814
    2944
    2977
    3041
    3055
    3147
    3101
    3177
    3176
    3288
    3168
    3286
    3197
    3206
    3186
    3221
    3246
    3123
    3191
    3169
    3042
    3167
    3128
    3080
    3076
    3052
    2945
    2942
    3035
    2944
    2976
    2920
    2943
    2856
    2957
    2877
    2841
    2744
    2709
    2717
    2746
    2757
    2657
    2747
    2604
    2681
    2536
    2663
    2622
    2608
    2616
    2456
    2401
    2492
    2487
    2436
    2440
    2441
    2370
    2318
    2277
    2354
    2219
    2361
    2174
    2284
    2171
    2185
    2114
    2107
    2134
    2144
    2041
    2189
    2156
    2151
    2102
    2010
    2038
    2017
    1974
    1974
    2051
    1936
    1965
    1942
    1953
    2008
    1915
    1898
    1896
    1824
    1895
    1789
    1821
    1893
    1856
    1820
    1836
    1774
    1751
    1736
    1812
    1779
    1789
    1620
    1678
    1744
    1668
    1761
    1637
    1648
    1646
    1721
    1670
    1627
    1583
    1576
    1705
    1611
    1663
    1601
    1616
    1552
    1615
    1601
    1546
    1532
    1605
    1580
    1528
    1564
    1576
    1554
    1535
    1503
    1533
    1545
    1615
    1633
    1616
    1596
    1567
    1552
    1569
    1638
    1547
    1553
    1548
    1450
    1524
    1431
    1563
    1467
    1531
    1487
    1503
    1398
    1475
    1397
    1461
    1391
    1436
    1344
    1349
    1401
    1380
    1357
    1415
    1330
    1382
    1411
    1383
    1450
    1340
    1427
    1324
    1361
    1382
    1420
    1253
    1371
    1407
    1358
    1362
    1343
    1309
    1354
    1322
    1308
    1350
    1431
    1300
    1291
    1319
    1337
    1388
    1353
    1317
    1362
    1336
    1313
    1302
    1324
    1269
    1321
    1302
    1398
    1351
    1342
    1369
    1357
    1308
    1362
    1283
    1440
    1315
    1418
    1278
    1312
    1279
    1373
    1374
    1373
    1366
    1348
    1343
    1278
    1273
    1376
    1324
    1329
    1388
    1310
    1293
    1307
    1317
    1346
    1352
    1295
    1324
    1370
    1416
    1342
    1319
    1361
    1379
    1341
    1384
    1331
    1313
    1386
    1374
    1388
    1303
    1310
    1338
    1348
    1360
    1325
    1360
    1353
    1365
    1281
    1387
    1374
    1415
    1336
    1368
    1405
    1364
    1401
    1421
    1411
    1354
    1376
    1457
    1299
    1394
    1472
    1339
    1393
    1370
    1450
    1378
    1459
    1443
    1431
    1501
    1469
    1423
    1420
    1411
    1488
    1393
    1529
    1493
    1478
    1502
    1522
    1552
    1493
    1533
    1509
    1521
    1504
    1589
    1542
    1534
    1517
    1603
    1543
    1469
    1552
    1495
    1567
    1483
    1604
    1547
    1485
    1613
    1591
    1602
    1526
    1588
    1524
    1561
    1633
    1621
    1617
    1571
    1584
    1555
    1595
    1566
    1584
    1557
    1641
    1661
    1566
    1560
    1558
    1619
    1609
    1581
    1486
    1551
    1454
    1511
    1488
    1529
    1524
    1507
    1494
    1508
    1482
    1396
    1361
    1365
    1331
    1364
    1267
    1260
    1230
    1287
    1236
    1283
    1213
    1251
    1174
    1146
    1215
    1133
    1126
    1154
    1082
    1111
    1090
    1114
    1088
    1045
    1043
    1146
    1126
    1025
    1025
    1046
    1016
    1039
    1064
    1043
    1002
    1089
    1027
    1027
     986
    1011
    1033
    1022
    1003
     986
    1009
    1010
    1104
    1066
     989
    1015
    1020
    1017
    1035
     999
    1006
    1000
    1021
     985
    1005
    1023
    1026
    1027
    1042
     996
     984
    1013
     916
     961
    1000
    1037
     986
    1036
    1050
    1060
    1141
    1136
    1152
    1249
    1275
    1362
    1408
    1523
    1642
    1694
    1866
    1999
    2140
    2359
    2509
    2614
    2918
    2979
    3257
    3466
    3704
    3905
    4150
    4328
    4424
    4711
    4970
    5025
    5152
    5274
    5447
    5362
    5589
    5540
    5520
    5584
    5463
    5160
    5246
    5042
    4780
    4700
    4373
    4163
    4052
    3765
    3502
    3229
    3067
    2798
    2592
    2378
    2138
    1829
    1674
    1493
    1355
    1214
    1077
     959
     925
     776
     696
     659
     611
     584
     529
     531
     484
     469
     516
     485
     538
     540
     536
     601
     650
     737
     797
     800
     924
     981
    1119
    1190
    1314
    1422
    1506
    1737
    1744
    1984
    2143
    2315
    2380
    2664
    2775
    3042
    3095
    3311
    3516
    3693
    3788
    3872
    4073
    4085
    4143
    4457
    4398
    4453
    4352
    4578
    4425
    4388
    4443
    4192
    4123
    4037
    3902
    3661
    3724
    3387
    3153
    3013
    2786
    2680
    2515
    2290
    2053
    1909
    1730
    1560
    1419
    1329
    1188
    1037
     944
     809
     709
     605
     571
     505
     395
     424
     329
     313
     252
     230
     215
     197
     176
     175
     139
     147
     134
     118
     115
      99
     104
     113
      93
      97
      95
      91
      79
     108
     110
      87
      90
      82
      87
      88
      83
      89
      64
      80
      94
      93
      99
      70
      71
      81
      75
      82
     105
      87
      82
      85
      89
      70
      70
      69
      69
      80
      84
      70
      74
      81
      75
      78
      81
      79
      73
      78
      74
      83
      79
      72
      78
      86
      57
      65
      80
      59
      74
      63
      72
      77
      78
      68
      55
      61
      64
      82
      77
      73
      74
      63
      72
      78
      68
      66
      68
      81
      66
      83
      76
      71
      61
      84
      69
      65
      71
      57
      67
      54
      59
      60
      87
      75
      51
      65
      66
      67
      57
      58
      61
      70
      43
      68
      68
      56
      58
      59
      53
      65
      54
      53
      56
      60
      64
      54
      60
      52
      74
      62
      64
      75
      75
      41
      53
      60
      34
      62
      51
      48
      49
      49
      49
      63
      49
      57
      45
      47
      64
      54
      54
      49
      51
      54
      53
      58
      46
      54
      40
      48
      43
      44
      48
      51
      50
      53
      42
      50
      36
      48
      65
      43
      38
      49
      46
      61
      41
      47
      54
      50
      36
      37
      40
      48
      39
      34
      41
      37
      29
      48
      53
      41
      48
      47
      40
      49
      57
      40
      37
      38
      41
      26
      39
      39
      36
      41
      50
      42
      35
      36
      47
      51
      37
      43
      41
      39
      41
      42
      37
      41
      40
      39
      34
      43
      38
      35
      33
      41
      32
      29
      35
      43
      29
      42
      35
      44
      39
      30
      36
      32
      35
      37
      31
      43
      29
      40
      31
      34
      28
      28
      33
      34
      41
      28
      38
      36
      26
      34
      32
      33
      39
      42
      40
      32
      37
      35
      36
      34
      33
      32
      35
      27
      29
      38
      34
      35
      31
      36
      41
      39
      40
      34
      41
      37
      36
      32
      29
      26
      42
      30
      33
      32
      34
      31
      42
      35
      40
      33
      29
      29
      30
      40
      31
      39
      24
      35
      27
      35
      37
      32
      40
      31
      25
      24
      43
      35
      34
      36
      36
      32
      30
      35
      27
      28
      24
      35
      34
      26
      33
      34
      32
      32
      33
      34
      30
      29
      31
      36
      31
      42
      29
      39
      28
      34
      32
      24
      40
      28
      25
      26
      33
      27
      33
      28
      36
      26
      27
      36
      47
      33
      32
      33
      28
      34
      36
      32
      33
      29
      32
      30
      32
      27
      39
      37
      26
      40
      30
      38
      44
      32
      39
      32
      30
      38
      46
      28
      42
      25
      44
      35
      31
      34
      32
      39
      25
      27
      29
      25
      30
      31
      33
      33
      35
      25
      20
      31
      30
      27
      24
      38
      29
      23
      28
      41
      31
      33
      28
      36
      26
      33
      29
      29
      27
      31
      25
      28
      28
      30
      32
      21
      22
      22
      18
      25
      18
      23
      28
      21
      21
      21
      13
      19
      20
      18
      15
      18
       9
      18
      12
      17
      13
      14
      12
      21
      18
      12
      14
       9
      12
       8
      15
      13
      15
      10
       6
       9
       8
      19
      13
      10
      11
       9
      13
      12
       6
      10
      17
      13
       6
       6
      11
       3
      14
      15
      10
       9
      12
      15
      18
      14
       4
      13
      19
      20
      10
      21
      13
      12
      21
      24
      19
      28
      13
      23
      22
      33
      23
      15
      30
      32
      37
      24
      32
      41
      36
      52
      36
      40
      47
      48
      62
      54
      57
      56
      57
      46
      54
      56
      42
      56
      56
      55
      62
      56
      57
      60
      53
      57
      57
      50
      62
      65
      52
      49
      55
      45
      40
      54
      46
      46
      36
      42
      31
      37
      33
      34
      32
      36
      26
      27
      33
      36
      25
      23
      18
      14
      22
       8
      17
      15
      15
      13
      11
      12
      10
       6
       7
       5
       8
       6
       5
       5
       7
       4
       5
       6
       5
       1
       2
       6
       4
       5
       2
       2
       2
       4
       5
       0
       2
       5
       3
       4
       0
       2
       2
       2
       2
       2
       3
       4
       1
       4
       3
       5
       2
       1
       0
       2
       1
       2
       0
       0
       2
       2
       2
       2
       5
       2
       1
       1
       0
       0
       1
       0
       0
       0
       1
       2
       1
       0
       2
       0
       0
       1
       2
       1
       3
       1
       3
       0
       0
       0
       2
       1
       1
       1
       0
       1
       0
       1
       1
       0
       1
       0
       0
       0
       0
       0
       0
       1
       0
       0
       1
       1
       1
       1
       0
       1
       1
       1
       1
       0
       1
       0
       2
       2
       1
       0
       0
       1
       1
       1
       0
       1
       0
       0
       1
       1
       1
       1
       1
       0
       0
       1
       0
       0
       0
       4
       0
       0
       0
       0
       0
       1
       1
       0
       1
       1
       0
       0
       1
       0
       2
       0
       0
       1
       1
       0
       0
       0
       0
       2
       0
       1
       0
       0
       0
       1
       0
       0
       1
       0
       1
       0
       1
       0
       0
       1
       0
       1
       0
       1
       0
       0
       0
       1
       0
       1
       0
       0
       0
       0
       1
       0
       1
       0
       0
       0
       2
       0
       0
       1
       0
       0
       0
       0
       1
       1
       0
       0
       1
       0
       1
       0
       0
       2
       0
       2
       0
       0
       0
       0
       1
       0
       0
       0
       0
       0
       0
       1
       1
       0
       1
       1
       0
       0
       1
       0
       0
       0
       0
       1
       1
       1
       0
       1
       1
       0
       1
       1
       0
       1
       0
       0
       3
       0
       1
       0
       0
       1
       1
       1
       0
       0
       0
       0
       0
       1
       0
       0
       0
       1
       0
       0
       1
       0
       0
       1
       0
       1
       0
       0
       1
       0
       0
       0
       1
       1
       0
       0
       0
       0
       0
       1
       1
       2
       0
       0
       0
       0
       0
       0
       0
       0
       0
       2
       0
       0
       0
       1
       0
       1
       0
       0
       0
       0
       0
       1
       0
       0
       0
       0
       1
       0
       0
       0
       0
       0
       0
       1
       0
       1
       0
       1
       0
       1
       1
       1
       1
       1
       0
       0
       1
       0
       1
       0
       0
       0
       0
       0
       0
       0
       0
       1
       0
       0
       0
       0
       0
       0
       0
       0
       0
       1
       0
       0
       0
       0
       2
       0
       1
       0
       1
       0
       0
       0
       2
       0
       1
       0
       0
       1
       0
       0
       0
       0
       0
       0
       0
       1
       0
       0
       0
       0
       0
       0
       1
       0
       0
       0
       0
       0
       0
       0
       0
       0
       0
       0
       0
       0
       0
       0
       0
       0
       0
       1
       0
       0
       0
       0
       0
       0
       0
       0
       1
       0
       0
       0
       0
       0
       1
       0
       0
       0
       0
       0
       0
       0
       0
       0
       0
       0
       1
       0
       0
       0
       0
       1
       0
       0
       0
       0
       0
       0
       0
       0
       1
       0
       0
       0
       0
       0
       1
       0
       0
       1
       0
       0
       0
       0
       0
       0
       0
       0
       0
       0
       0
       0
       0
       0
       0
       0
       0
       0
       0
       0
       1
       0
       1
       0
       0
       0
       0
       0
       0
       0
       0
       0
       0
       0
       1
       0
       1
       0
       0
       0
       0
       0
       1
       0
       0
       0
       1
       0
       0
       0
       0
       0
       0
       0
       0
       1
       0
       0
       0
       0
       0
       0
       0
       0
       0
       0
       0
       0
       0
       0
       0
       0
       0
       0
       0
       0
       0
       0
       1
       0
       0
       0
       0
       0
       1
       0
       0
       0
       0
       0
       0
       0
       0
       1
       0
       0
       0
       0
       0
       0
       0
       0
       0
       0
       0
       0
       0
       1
       0
       0
       0
       0
       1
       0
       0
       0
       0
       0
       0
       0
       0
       0
       0
       1
       0
       0
       0
       0
       0
       0
       0
       0
       0
       0
       0
       0
       0
       0
       0
       0
       1
       1
       0
       0
       0
       0
       0
       0
       0
       0
       0
       0
       0
       0
       0
       1
       0
       0
       0
       0
       0
       0
       0
       0
       0
       0
       0
       0
       0
       0
       0
       1
       0
       0
       1
       0
       0
       0
       0
       0
       0
       0
       0
       0
       0
       0
       0
       0
       1
       0
       0
       0
       1
       0
       0
       0
       0
       0
       1
       0
       0
       1
       0
       0
       0
       0
       0
       0
       0
       0
       0
       0
       0
       0
       0
       0
       0
       0
       1
       0
       0
       0
       0
       0
       1
       0
       0
       0
       1
       0
       0
       0
       0
       0
       0
       0
       0
       0
       1
       0
       0
       0
       0
       0
       0
       0
       0
       0
       0
       0
       2
       0
       0
       0
       0
       0
       0
       0
       0
       0
       0
       0
       0
       0
       0
       0
       0
       0
       0
       0
       0
       0
       0
       0
       0
       0
       0
       0
       0
       0
       0
       0
       0
       0
       0
       0
       0
       0
       0
       0
       0
       0
       0
       0
       0
       0
       0
       0
       0
       0
       0
       0
       0
       0
       0
       0
       0
       0
       0
       0
       0
       0
       0
       0
       0
       0
       0
       0
       0
       0
       0
       0
       0
       0
       0
       0
       0
       0
$ROI:
0
$PRESETS:
Live Time
10000
0
$ENER_FIT:
-0.035297 0.002109
$MCA_CAL:
3
-3.529670E-002 2.109118E-003 0.000000E+000 MeV
$SHAPE_CAL:
3
1.002652E+001 3.494113E-002 0.000000E+000
