$SPEC_ID:
No sample description was entered.
$SPEC_REM:
DET# 1
DETDESC# DESKTOP-PNQJTCJ Easy-MCA-8k SN 09161357
AP# Maestro Version 7.01
$DATE_MEA:
09/30/2020 10:12:18
$MEAS_TIM:
569 572
$DATA:
0 8191
       0
       0
       0
       0
       0
       0
       0
       0
       0
       0
       0
       0
       0
       0
       0
       0
       0
       0
       0
       0
       0
       0
       0
       0
       0
       0
       0
       0
       0
       0
       0
       0
       0
       0
       0
       0
       0
       0
       0
       0
       0
       0
       0
       0
       0
       0
       0
       0
       0
       0
       0
       0
       0
       0
       0
       0
       0
       0
       0
       0
       0
       0
       0
       0
       0
       0
       0
       0
       0
       0
       0
       0
       0
       0
       0
       0
       0
       0
       0
       0
       0
       0
       0
       0
       0
       0
       0
       0
       0
       0
       0
       0
       0
       0
       0
       0
       0
       0
       0
       0
       0
       0
       0
       0
       0
       0
       0
       0
       0
       0
       0
       0
       0
       0
       0
       0
       0
       0
       0
       0
       0
       0
       0
       0
       0
       0
       0
       0
       0
       0
       0
       0
       0
       0
       0
       0
       0
       0
       0
       0
       0
       0
       0
       0
       0
       0
       0
       0
       0
       0
       0
       0
       0
       0
       0
       0
       0
       0
       0
       0
       0
       0
       0
       0
       0
       0
       0
       0
       0
       0
       0
       0
       0
       0
       0
       0
       0
       0
       0
       0
       0
       0
       0
       0
       0
       0
       0
       0
       0
       0
       0
       1
       3
       3
      12
       7
      12
      26
     115
     213
     221
     232
     227
     221
     225
     260
     235
     226
     233
     207
     217
     247
     260
     251
     239
     246
     228
     228
     246
     230
     224
     208
     204
     178
     232
     213
     255
     212
     204
     196
     190
     190
     214
     240
     241
     221
     240
     205
     205
     223
     211
     217
     208
     210
     198
     202
     179
     207
     207
     223
     206
     190
     217
     194
     212
     216
     194
     196
     201
     185
     167
     190
     206
     186
     194
     194
     204
     185
     185
     205
     205
     170
     193
     197
     163
     218
     181
     183
     199
     187
     178
     194
     205
     151
     173
     198
     159
     162
     187
     175
     184
     159
     144
     199
     166
     166
     182
     143
     159
     195
     179
     172
     189
     181
     179
     162
     164
     155
     191
     189
     158
     168
     173
     152
     163
     183
     158
     142
     181
     180
     155
     149
     153
     161
     151
     167
     154
     139
     151
     180
     153
     157
     147
     144
     133
     163
     140
     153
     137
     135
     151
     145
     133
     142
     129
     148
     146
     144
     127
     149
     134
     118
     144
     135
     148
     143
     120
     132
     111
     135
     126
     118
     117
     145
     111
     126
     125
     148
     128
     121
     139
     122
     109
     121
     132
     149
     121
     141
     105
     112
     115
     104
     129
     121
     121
     112
     102
     118
     116
     115
      97
     100
     102
     112
     109
     100
     102
     106
     110
     104
      97
     115
     111
     113
     100
     109
     107
     128
     112
      94
     100
      98
     102
      92
      95
     100
      98
      98
      93
      98
      92
      97
      92
      86
     117
     103
      82
      91
      97
     108
      91
      93
      92
     110
      91
      94
     102
     102
      98
      81
     100
      86
     107
      88
      88
      76
      88
      90
      79
      91
      88
      79
      95
     100
     115
      93
     110
      75
      78
      64
      73
      76
      94
      89
      84
      88
      89
      88
      77
      63
      89
      80
      81
      76
      82
     103
      69
      80
      90
      66
      85
      77
      80
      67
      83
      72
      78
      69
      82
      85
      90
      67
      74
      80
      82
      89
      67
      73
      79
      62
      66
      71
      76
      82
      77
      53
      77
      79
      59
      67
      77
      90
      75
      77
      66
      79
      57
      68
      68
      64
      59
      82
      52
      70
      73
      73
      67
      74
      84
      74
      72
      65
      74
      82
      59
      68
      84
      67
      80
      78
      68
      69
      51
      64
      74
      67
      59
      60
      67
      74
      66
      57
      60
      79
      69
      74
      43
      65
      57
      50
      63
      79
      58
      57
      45
      62
      68
      72
      54
      55
      49
      70
      53
      54
      56
      52
      46
      58
      54
      61
      55
      56
      88
     162
     143
      72
      61
      52
      56
      52
      69
      90
      77
      44
      38
      44
      59
      45
      54
      39
      43
      34
      38
      46
      41
      38
      47
      56
      49
      55
      36
      48
      52
      63
      37
      44
      51
      52
      36
      37
      24
      41
      51
      44
      38
      41
      36
      38
      52
      41
      44
      42
      37
      51
      46
      37
      44
      44
      36
      46
      50
      36
      43
      39
      38
      46
      49
      44
      43
      37
      39
      40
      36
      39
      36
      41
      50
      47
      46
      34
      48
      53
      42
      45
      35
      36
      40
      36
      28
      29
      34
      31
      44
      47
      33
      42
      40
      43
      43
      35
      40
      34
      32
      38
      36
      38
      34
      47
      42
      38
      37
      34
      30
      27
      44
      29
      34
      42
      40
      34
      29
      35
      27
      30
      32
      42
      37
      32
      33
      37
      43
      44
      41
      37
      27
      36
      36
      34
      38
      39
      35
      59
      81
      57
      34
      25
      33
      36
      28
      26
      28
      40
      30
      35
      48
      40
      30
      25
      32
      34
      33
      17
      32
      26
      39
      38
      27
      27
      25
      34
      23
      25
      25
      35
      27
      30
      25
      33
      32
      28
      23
      24
      31
      26
      23
      31
      29
      23
      35
      28
      40
      33
      25
      23
      28
      34
      24
      27
      21
      25
      30
      25
      42
      21
      22
      19
      24
      18
      17
      22
      27
      23
      32
      30
      17
      19
      28
      27
      24
      29
      21
      20
      40
      32
      28
      27
      25
      24
      26
      26
      34
      32
      25
      23
      30
      25
      22
      27
      26
      20
      18
      26
      20
      24
      26
      31
      37
      47
      38
      28
      23
      28
      24
      23
      23
      28
      24
      32
      22
      18
      23
      32
      22
      29
      24
      26
      22
      32
      15
      21
      23
      26
      13
      24
      16
      26
      20
      22
      28
      40
      85
      83
      63
      29
      27
      16
      18
      26
      20
      26
      28
      17
      12
      20
      20
      21
      25
      29
      23
      24
      18
      23
      23
      21
      27
      25
      23
      21
      25
      21
      22
      31
      28
      24
      15
      18
      30
      21
      22
      22
      12
      22
      31
      21
      27
      20
      16
      25
      21
      24
      17
      16
      16
      24
      24
      28
      18
      27
      14
      22
      21
      20
      24
      25
      22
      17
      16
      22
      22
      21
      30
      18
      23
      17
      24
      14
      10
      22
      26
      11
      19
      18
      17
      18
      17
      16
      18
      19
      24
      16
      24
      19
      27
      21
      17
      19
      19
      10
      19
      10
      20
      26
       9
      11
      32
      16
      22
      19
      17
      16
      27
      15
      17
      15
      27
      17
      17
      14
      17
      19
      23
      22
      18
      19
      18
      20
      20
      19
      15
      20
      23
      17
      23
      21
      22
      19
      21
      24
      22
       9
      14
      23
      22
      23
      17
      15
      17
      21
      13
      21
      21
      14
      12
      16
      19
      18
      19
      14
      18
      20
      19
      11
      26
      11
      26
      16
      22
      17
      19
      16
      14
      16
      23
      20
      17
      13
      20
      15
      10
      14
      20
      24
      24
      16
      12
      12
      28
      15
      11
      25
      19
      18
      12
      13
      13
      15
      13
      14
      19
      18
      15
       8
      20
      26
      10
      20
      15
      17
      21
      12
      16
      19
      11
      15
      18
      23
      19
      16
      12
      15
      20
      19
      19
      13
      13
      15
      16
      19
       8
      16
      22
      12
      15
      19
      13
      11
      15
      12
      17
      10
      14
      14
      15
       9
      14
      12
      11
      17
      13
      15
      15
       6
       5
      13
      13
       7
      10
      12
      13
      16
      19
      15
      16
      12
      18
      19
      12
      20
      14
      17
      11
      13
      12
      20
      16
      17
       9
       9
      16
      11
      18
      11
      11
      15
      17
      14
      18
      12
      18
      13
       9
      16
      15
      16
      14
      16
       7
      18
      16
      15
      12
      11
      12
      11
       9
      10
       9
      21
       9
      11
      15
      12
      11
      16
       9
      14
      15
      15
      20
      19
      13
       4
      17
      15
      16
      12
      13
      10
      13
      21
      13
      15
      12
      10
      17
      10
      16
      13
      12
      13
      11
      13
      17
      19
      15
      13
      14
      18
      10
      20
      17
      13
      17
      10
      18
      14
      16
      21
       7
      18
      14
       9
      13
      10
      20
      11
      15
      15
      24
      15
      11
       7
      18
      13
       8
       8
      11
      15
      14
      16
       5
       7
      18
       8
       5
      13
      20
      15
      13
      22
      33
      23
      26
      24
      18
       9
      14
      13
      11
       8
      15
      15
       8
      10
       8
      10
      11
       8
      11
      15
       9
      14
      10
      20
      11
       7
      13
       6
      15
       9
      14
      18
      13
      13
       7
       9
      13
      10
      13
       8
      15
      19
      13
      10
      16
      10
      12
      18
      10
      15
       8
       6
       7
       6
      10
      10
       8
      12
       9
      11
      15
       9
      13
       6
      10
       2
       7
      12
      14
      14
       9
       9
       7
      10
      14
      18
      15
      10
      13
      12
      10
      10
      10
       6
      14
      12
       3
       6
      13
       9
      12
      14
       7
       7
       8
      19
      10
      13
       6
      12
       8
       9
      10
      11
       6
      13
      17
       7
      13
       9
      10
      16
      14
      11
      13
       4
      13
      11
      13
       7
      12
       6
      14
      11
       8
      10
       7
      14
      11
       7
      12
      11
      13
       7
       9
      12
       4
      13
      11
      16
       7
       7
       6
       8
      12
      13
      12
      13
      14
       9
      10
       6
      10
      13
      13
       8
      11
      15
      13
       9
       8
       6
       9
      10
       9
      11
      10
       8
       7
       7
      13
       6
      14
      12
      10
      14
      27
      37
      43
      29
      15
      18
      16
       8
      13
       9
      10
      11
      15
       9
      11
      12
       8
      10
       6
       6
       9
      12
      13
      11
      11
      11
       7
      13
      15
       9
      12
      12
      11
       5
      11
      11
       9
       7
      11
       7
       7
       9
       6
      13
      11
       7
      10
       8
      16
       7
       8
       9
       4
       7
      11
       9
       8
      11
       8
      10
       7
      19
      10
      19
      37
      78
      51
      38
      22
      12
       6
       9
       9
       9
      11
       4
      10
       9
       5
      10
       6
       4
      10
      10
      10
       5
      11
       7
      16
      12
       8
      11
      12
       9
      11
      11
       8
      12
       7
       8
       8
       7
       5
       8
       4
       8
       9
      10
      15
      10
      13
       6
       8
      10
      11
       8
      11
       6
       7
       5
      10
      11
       5
       8
       8
       8
      12
      13
       9
      10
       6
       6
       6
       9
       8
      10
      15
      10
       5
       6
       6
       9
      10
       7
       5
       8
       6
       2
       8
       9
      11
      10
      10
      10
       8
       6
       4
      12
      11
       9
       6
       5
       7
       7
      14
      10
       7
       5
       9
      13
      10
      13
      15
      16
      13
       7
       9
      12
      21
      14
       9
       5
       5
      11
       8
      16
      10
      12
      10
       8
       7
      10
      31
      23
      38
      22
      17
       9
      13
       5
       9
       8
      12
      12
       7
      11
       4
       6
      10
       8
       7
       7
       7
       3
      10
      13
       6
      11
       7
       3
      10
       9
      12
      12
      10
      10
      13
       8
       9
       7
      15
       6
       9
      10
       3
      11
       7
       9
       5
       7
      15
       7
       4
      11
      13
       8
       6
       7
       7
       7
       3
      17
       4
       8
      14
       9
       9
      10
       7
       9
       8
      11
       5
       6
       9
       7
       6
       4
       5
       5
      11
       8
       6
      11
      14
      13
      14
       5
      11
       9
      10
      11
       8
       8
       5
       6
       9
      10
      10
      13
      11
      10
      10
       3
       4
      13
       9
       8
       9
       7
       7
       6
      12
       4
       7
       9
       9
       9
       6
       9
       4
       8
       8
      10
       8
      10
       2
       9
      13
       6
      13
       8
       5
       4
       7
       7
       8
       8
       4
       8
       7
      10
      10
       6
       9
       5
       6
       8
       8
       4
       6
      13
       5
       6
       2
       8
      11
       7
       7
       6
       8
      11
       5
      12
       8
      16
      13
      14
       8
       4
       8
       4
      10
       7
       4
       3
       6
       7
      10
       7
      12
       6
       7
       5
       8
       1
       3
      10
       7
       9
       7
      11
       8
      12
       7
       4
       8
       8
      11
       6
      10
       6
      13
       0
       4
       7
      12
      10
       5
      10
       6
       7
       7
       6
       5
       5
      11
       8
       6
       7
       2
       8
       7
      10
       6
      12
       5
      14
       5
      11
      10
      12
      11
      11
       6
       7
       9
       8
      11
       7
      11
       8
       8
       8
       3
       5
       8
       2
       4
       7
       9
       7
       6
       7
      11
       7
       8
       8
      10
       6
       7
       9
      11
       6
      17
      10
       7
      20
      16
      10
       7
      11
       4
      14
       7
       7
      13
       3
       4
       9
       7
       7
       9
       7
      10
       8
       5
       6
       5
      11
       9
       6
       6
       4
       6
      12
       6
       8
       6
       5
       9
       6
       7
       4
       4
       3
       6
       8
      10
       8
      23
      12
      10
       5
      14
       8
       9
       6
       7
       4
      12
       6
      10
       8
       5
       7
       7
       4
       3
      10
      11
       8
      12
       9
       7
       8
      10
      12
       9
       3
       8
      10
       8
       7
       3
      13
       8
       5
      10
       6
      10
       3
       1
       5
       5
      10
       6
       3
      10
       7
       7
      13
       1
      10
       7
       7
      10
       7
       7
       7
       9
       9
       7
       4
       7
       6
       6
      11
       6
       9
      12
       8
       4
      10
       4
       7
       6
      11
      15
      10
       5
      10
       7
      10
       5
      12
       5
       8
      10
       5
       9
       7
       5
       7
       9
       4
       4
       8
      12
      11
       9
      10
       7
       6
       6
       6
       9
       9
       7
       9
      13
       9
      12
       4
       6
       4
      14
       6
       7
       9
      15
       8
       8
       6
       2
       4
      13
       5
       5
      13
       8
      11
       9
       9
      13
       8
       3
      11
      13
       8
       5
       6
       2
       5
      10
       6
       8
       7
       6
      10
       8
      10
       9
      10
       9
       3
       8
      16
       9
       7
       8
      10
      10
       9
       6
       8
       7
      14
      11
       3
      10
       5
       6
       8
      10
       7
      11
       9
      12
       6
       6
      15
       9
      13
       7
      12
      11
       6
      10
       8
       9
       7
       6
       7
      13
       9
      15
       8
       3
       7
      12
       9
       5
       5
      11
       3
      11
       6
       9
       8
      15
      10
       9
      12
      12
       2
      10
       7
       8
       9
      12
       7
       8
       5
       8
       8
       8
      11
       6
       6
       5
      11
      10
       7
       9
       8
       4
      14
       4
       8
      10
      14
       4
       4
      12
      10
       7
       6
       5
       4
       6
       5
       4
       8
      16
       9
       9
      13
       6
       5
       7
       7
       7
       6
       8
       8
      15
      13
       6
       5
       8
       6
      10
       5
       6
       8
      11
       9
      11
       4
       5
       8
       8
      12
       3
       8
       9
       6
       5
       9
       8
       6
       8
       7
       9
       3
      10
      10
       7
       8
       9
       5
       5
      10
      22
      47
      35
      16
      12
      12
      10
       5
       5
       6
      11
      16
      13
       5
       8
      10
      10
      11
       8
      13
      15
       6
       9
       9
       4
       6
       7
       3
       7
      11
      13
       9
       7
       8
       2
       4
       7
      12
      10
       9
       5
       7
       7
      12
       8
       3
       7
       4
       6
      10
      10
       9
       5
       8
       6
       4
      17
      14
       7
       7
       5
       9
      10
      12
       9
       8
       7
      13
      12
       9
       7
       8
      14
       6
       9
       8
       9
       3
      10
      12
       6
       5
      10
       9
       8
       7
       5
       7
      12
      10
      11
       8
       9
      10
       6
      13
       6
      11
       8
       8
       9
       6
       9
       9
       7
      11
       6
       8
      16
       5
      15
      11
      11
       9
       8
      10
       6
       9
       5
       9
       8
      11
       6
       6
       9
      10
       5
       5
       8
       4
       8
      11
       9
      14
      12
       7
      11
       7
       8
       5
      12
      12
      18
      14
      15
      16
       4
       6
       6
       8
       5
       5
       4
       7
       5
      10
      11
       7
       6
       7
      12
       7
       5
       8
       3
       5
       7
       8
       1
       6
       6
      11
       8
       5
      11
       9
       9
       6
       9
      11
       7
      10
       8
       7
       6
       7
       4
       6
       7
       7
       8
       9
       8
       8
       6
       5
       7
       5
       4
       1
       2
       9
       7
       8
       8
       3
       8
       6
       8
       0
       5
       7
       5
       5
       3
       9
       9
       4
       5
       4
       7
      10
       7
      10
       6
       5
       7
       3
       8
       4
       3
       8
       6
       7
       2
       5
       6
      10
       2
       4
       5
       4
       6
       7
       4
       8
       9
       6
      11
       2
       6
       7
       9
       6
       9
      12
       5
       5
       7
       9
       5
       8
       9
       7
       1
       3
      14
       7
       8
       3
       6
       5
       5
       8
       4
       7
       3
      10
       3
       8
       4
       6
       6
       7
       6
       5
       4
      11
       3
       5
       6
       8
       7
       7
       4
       5
      10
       6
       3
       8
      11
       6
       8
       0
       5
       5
       9
       7
       7
       5
       8
       3
       5
       6
      10
       6
       7
       5
       8
       4
      11
       6
       4
      11
       6
       6
      12
      11
       3
       8
       7
       4
       7
       7
       9
      12
      11
       8
       3
      10
       8
       7
       9
       5
       6
      10
       7
       8
       7
       5
      12
       7
       7
       8
      11
       6
       6
       8
       5
       4
       6
       4
       5
       6
      13
      10
       7
       5
       6
       4
      13
       2
       6
       5
       4
       9
       6
       4
       3
       3
       5
       6
       4
       8
       5
      12
       4
       3
       1
       7
       4
       3
       5
       4
       4
       4
       8
       6
       9
       4
       6
       5
       7
       9
       5
       6
      11
       7
       2
       4
       5
       6
       4
       6
       8
       3
       7
       8
       7
      11
      11
       5
       6
       5
       5
       2
       7
       4
       7
       8
       6
       6
       7
       8
      12
       8
       9
       4
       8
       6
       5
       9
       9
       6
      12
       6
       5
       8
       6
       7
      10
       5
       5
       5
       5
      16
       1
       4
      12
       5
       8
       6
       4
      10
       8
       8
      10
      10
       9
      10
       5
       6
       4
      11
       7
       8
       4
       6
       7
       7
       8
       8
       8
      11
       6
       4
       6
       2
       6
       5
      10
       5
       3
       8
       4
       3
       8
       4
      11
       5
       1
       3
       5
       5
       3
       5
       5
       8
       6
       7
       4
      10
      16
      18
      16
      10
       6
      10
       7
       2
       7
       1
       4
       6
       5
       3
       1
       1
       8
       4
       7
       4
       7
       4
       3
       3
       4
       3
       3
       6
       5
       4
       6
       4
       6
       6
       1
       6
       9
       3
       3
       4
       4
       5
       6
       5
       6
       3
       9
       4
       5
       7
       4
       7
       9
       4
       4
       7
       1
       3
       3
       5
       4
       6
       1
       4
       4
       2
       4
       3
       7
       6
       2
       5
       7
       5
       5
       5
       4
       4
       9
       1
       3
       7
       5
       5
       6
       5
      10
       4
       6
       6
       1
       6
       2
       5
       4
       9
      10
       5
       8
       4
       7
       4
      12
       4
       8
       5
       6
       6
       4
       1
       6
       4
       1
       6
       5
       7
       7
       4
       6
       4
       4
       8
       4
       8
       2
       3
      11
      16
      45
      95
     151
     189
     163
      95
      43
      14
       5
       4
       5
       8
       4
       6
      10
       2
       4
       3
       5
       9
       5
       5
       7
       9
       4
       1
       6
       2
       5
      12
       4
       5
       7
       4
       5
       1
       7
       3
       3
       1
       3
       1
       4
       7
       2
       2
       1
       7
       1
       8
       6
       6
       5
       0
       1
       5
       6
       2
       6
       4
       2
       1
       3
       3
       2
       6
       8
      10
       2
       6
       1
       1
       3
       5
       3
       5
       6
       7
       5
       2
       4
       2
       2
       3
       4
      11
       5
       4
       4
       5
       4
       8
       4
       2
       2
       5
       4
       8
       6
       1
       4
       2
       1
       2
       5
       4
       3
       2
       4
       5
       8
       7
       3
       5
       5
       1
       4
       4
       1
      10
       4
       3
       2
       1
       2
       7
       5
       4
       2
       1
       5
       6
       4
       3
       5
       1
       3
       4
       5
       1
       5
       1
       2
       3
       5
       0
       6
       3
       8
       4
       5
       5
       6
       4
       5
       4
       0
       2
       1
       3
       6
       8
       3
      15
       4
       5
       6
       4
       3
       3
       3
       2
       1
       7
       5
       2
       7
       2
       1
       1
       3
       4
       3
       4
       2
       7
       3
       1
       2
       4
       1
       1
       3
       3
       2
       2
       3
       1
       2
       4
       2
       4
       4
       1
       4
       1
       4
       3
       1
       0
       1
       2
       2
       4
       3
       3
       1
       3
       5
       1
       1
       2
       1
       6
       1
       1
       3
       4
       2
       2
       0
       1
       1
       0
       6
       3
       1
       3
       2
       1
       3
       1
       0
       6
       3
       3
       1
       4
       0
       3
       2
       2
       2
       2
       3
       0
       2
       4
       6
       3
       2
       6
       5
       2
       1
       0
       3
       3
       2
       0
       2
       2
       3
       1
       2
       6
       1
       3
       3
       1
       3
       3
       4
       0
       3
       1
       3
       3
       1
       2
       1
       0
       7
       3
       5
       1
       2
       1
       2
       4
       0
       2
       3
       2
       1
       5
       2
       1
       4
       4
       4
       5
       2
       2
       0
       1
       0
       3
       1
       2
       2
       3
       1
       2
       2
       2
       3
       3
       5
       3
       0
       1
       2
       1
       4
       1
       1
       2
       4
       3
       4
       2
       3
       2
       3
       1
       3
       4
       5
       3
       0
       4
       0
       1
       4
       2
       5
       3
       0
       3
       2
       4
       2
       2
       1
       2
       1
       1
       0
       3
       3
       0
       3
       2
       0
       2
       2
       1
       0
       2
       1
       0
       2
       0
       5
       1
       1
       2
      12
      20
      38
      85
     125
     163
     150
      87
      56
      17
       6
       1
       1
       2
       1
       3
       2
       1
       0
       1
       1
       0
       0
       2
       0
       2
       1
       0
       6
       1
       0
       0
       0
       0
       1
       2
       2
       3
       3
       1
       1
       3
       2
       1
       3
       3
       1
       3
       1
       0
       2
       0
       1
       0
       1
       0
       2
       1
       1
       0
       0
       0
       4
       1
       2
       1
       5
       2
       0
       0
       2
       4
       0
       0
       2
       2
       4
       0
       3
       2
       1
       2
       1
       2
       3
       1
       0
       1
       1
       2
       2
       0
       3
       0
       0
       1
       1
       1
       2
       2
       2
       0
       3
       3
       0
       0
       2
       2
       0
       1
       0
       0
       1
       2
       2
       3
       2
       3
       3
       1
       1
       1
       3
       2
       0
       1
       0
       1
       1
       2
       0
       2
       2
       2
       2
       6
       2
       2
       1
       1
       0
       1
       1
       0
       1
       0
       1
       1
       3
       2
       1
       0
       1
       1
       1
       0
       3
       0
       0
       0
       2
       1
       4
       0
       2
       1
       1
       1
       2
       2
       0
       0
       2
       2
       0
       5
       3
       5
       2
       0
       1
       1
       1
       0
       3
       0
       0
       3
       2
       2
       3
       2
       3
       2
       1
       1
       0
       0
       0
       3
       1
       0
       1
       0
       1
       3
       2
       0
       0
       1
       2
       2
       0
       1
       0
       3
       1
       1
       1
       1
       0
       0
       0
       0
       1
       0
       2
       1
       0
       0
       1
       1
       2
       0
       0
       2
       2
       0
       1
       0
       3
       0
       0
       1
       1
       0
       1
       1
       0
       3
       1
       1
       1
       3
       1
       0
       0
       1
       1
       1
       2
       0
       1
       0
       3
       0
       0
       0
       0
       0
       0
       0
       0
       2
       1
       1
       1
       4
       0
       1
       0
       1
       2
       0
       1
       1
       1
       0
       1
       1
       2
       1
       1
       1
       1
       1
       0
       1
       1
       1
       0
       1
       1
       1
       1
       1
       3
       0
       2
       0
       1
       1
       1
       2
       2
      11
      24
      48
      68
     110
     107
      78
      38
      22
       6
       1
       1
       1
       1
       0
       1
       0
       0
       0
       1
       1
       0
       0
       2
       3
       1
       0
       0
       0
       1
       1
       0
       0
       0
       1
       1
       0
       2
       3
       0
       1
       0
       1
       0
       0
       0
       0
       2
       1
       1
       0
       2
       0
       1
       0
       0
       1
       1
       0
       0
       2
       0
       0
       2
       0
       0
       0
       0
       0
       1
       1
       0
       1
       0
       0
       2
       0
       0
       0
       0
       0
       1
       0
       0
       0
       1
       0
       0
       1
       1
       1
       2
       1
       0
       1
       1
       0
       0
       1
       0
       0
       0
       0
       0
       1
       2
       0
       1
       0
       0
       0
       1
       2
       0
       0
       0
       0
       1
       1
       3
       0
       0
       2
       2
       1
       1
       0
       1
       0
       1
       0
       0
       1
       1
       0
       2
       0
       1
       1
       1
       1
       0
       0
       0
       0
       1
       0
       0
       0
       1
       0
       0
       1
       0
       1
       0
       0
       0
       0
       0
       0
       0
       4
       1
       1
       2
       0
       1
       0
       2
       0
       0
       1
       0
       0
       1
       0
       0
       0
       0
       0
       0
       1
       3
       0
       3
       0
       2
       1
       2
       0
       0
       1
       0
       0
       0
       3
       0
       0
       3
       0
       1
       1
       0
       0
       0
       0
       0
       1
       3
       0
       0
       1
       0
       1
       1
       1
       1
       0
       0
       0
       1
       0
       1
       1
       0
       0
       1
       0
       0
       1
       2
       1
       0
       0
       0
       0
       0
       0
       0
       1
       1
       1
       2
       0
       2
       0
       0
       0
       0
       0
       0
       2
       0
       0
       1
       1
       0
       1
       0
       0
       0
       0
       1
       1
       2
       0
       0
       1
       1
       0
       1
       0
       0
       0
       1
       1
       2
       1
       0
       0
       0
       0
       0
       1
       1
       1
       0
       0
       0
       1
       0
       1
       0
       1
       0
       1
       1
       0
       1
       0
       1
       1
       0
       0
       1
       1
       0
       0
       0
       0
       0
       0
       1
       2
       2
       2
       5
       1
       3
       1
       1
       1
       0
       1
       3
       2
       3
       7
       1
       2
       0
       0
       0
       2
       2
       0
       0
       0
       0
       0
       0
       1
       0
       1
       0
       0
       0
       1
       0
       1
       1
       0
       0
       0
       0
       0
       0
       0
       0
       0
       0
       1
       0
       0
       2
       0
       1
       1
       0
       0
       0
       0
       1
       0
       0
       0
       0
       0
       0
       0
       0
       0
       0
       1
       0
       0
       0
       1
       1
       1
       0
       0
       0
       3
       1
       2
       1
       2
       0
       0
       1
       0
       0
       2
       0
       0
       1
       1
       0
       0
       0
       0
       0
       0
       0
       1
       0
       1
       1
       1
       0
       1
       0
       1
       1
       1
       0
       0
       0
       0
       1
       0
       0
       0
       0
       1
       2
       0
       1
       1
       0
       0
       1
       0
       1
       2
       1
       0
       0
       1
       0
       0
       1
       1
       0
       1
       1
       2
       0
       1
       0
       1
       0
       0
       0
       0
       0
       0
       1
       0
       2
       1
       1
       0
       0
       1
       0
       0
       1
       0
       0
       0
       1
       1
       1
       1
       0
       0
       0
       0
       0
       0
       0
       0
       0
       1
       0
       2
       0
       0
       0
       1
       1
       1
       0
       0
       0
       0
       0
       0
       1
       0
       0
       1
       0
       0
       0
       0
       1
       0
       0
       0
       0
       0
       0
       1
       0
       0
       1
       0
       0
       1
       1
       2
       0
       0
       0
       1
       1
       0
       2
       0
       0
       0
       1
       0
       0
       0
       0
       0
       0
       0
       0
       0
       0
       2
       1
       0
       0
       1
       0
       1
       1
       2
       0
       0
       1
       1
       0
       0
       0
       0
       0
       1
       0
       0
       0
       1
       0
       0
       2
       0
       0
       0
       0
       2
       2
       0
       0
       0
       0
       0
       0
       0
       2
       0
       1
       0
       0
       0
       0
       0
       0
       0
       0
       0
       0
       0
       0
       0
       0
       0
       1
       0
       0
       0
       0
       0
       0
       2
       0
       0
       0
       1
       0
       1
       1
       0
       1
       0
       1
       0
       0
       0
       0
       0
       0
       0
       0
       1
       0
       0
       0
       1
       1
       0
       0
       0
       1
       0
       0
       0
       0
       0
       0
       0
       0
       0
       0
       3
       0
       1
       1
       1
       4
       1
       0
       1
       1
       0
       0
       0
       0
       0
       0
       0
       0
       0
       1
       0
       1
       2
       0
       1
       0
       0
       0
       1
       0
       1
       1
       1
       0
       0
       1
       0
       0
       0
       0
       1
       0
       0
       1
       1
       1
       0
       0
       0
       0
       0
       0
       0
       1
       1
       1
       1
       0
       0
       0
       1
       0
       0
       0
       0
       0
       0
       0
       0
       0
       0
       1
       0
       0
       2
       1
       0
       1
       0
       0
       1
       0
       1
       1
       0
       1
       6
       9
      10
       4
       7
       2
       0
       2
       1
       0
       0
       0
       1
       0
       0
       0
       0
       0
       0
       0
       0
       1
       1
       0
       1
       0
       0
       0
       0
       1
       1
       0
       0
       0
       0
       0
       0
       0
       0
       0
       0
       0
       1
       0
       0
       0
       0
       1
       0
       0
       0
       1
       0
       0
       0
       0
       1
       0
       0
       0
       0
       1
       0
       1
       0
       0
       1
       0
       0
       0
       1
       0
       0
       0
       0
       0
       0
       0
       0
       0
       0
       1
       0
       0
       0
       1
       0
       0
       1
       0
       0
       0
       0
       0
       0
       1
       0
       0
       1
       0
       0
       2
       0
       0
       0
       0
       0
       0
       0
       0
       0
       0
       0
       0
       0
       0
       1
       0
       0
       1
       0
       0
       0
       1
       1
       0
       0
       0
       0
       0
       0
       0
       1
       0
       0
       0
       2
       0
       2
       0
       0
       1
       0
       1
       0
       0
       0
       0
       0
       0
       0
       1
       1
       0
       0
       0
       0
       2
       0
       0
       0
       0
       1
       0
       0
       0
       0
       0
       0
       1
       0
       0
       0
       0
       1
       0
       0
       0
       2
       1
       0
       0
       0
       1
       0
       0
       0
       0
       0
       1
       0
       1
       2
       0
       0
       0
       0
       1
       0
       0
       1
       0
       0
       0
       0
       4
       2
       0
       1
       0
       0
       1
       0
       0
       0
       0
       0
       0
       0
       0
       0
       1
       0
       0
       2
       0
       0
       0
       2
       1
       0
       0
       0
       0
       1
       1
       0
       0
       0
       0
       0
       2
       0
       0
       0
       0
       0
       1
       0
       1
       2
       0
       0
       0
       0
       0
       0
       0
       1
       0
       1
       0
       0
       1
       0
       1
       1
       0
       0
       0
       1
       0
       0
       0
       0
       1
       0
       0
       0
       0
       0
       0
       0
       0
       1
       0
       2
       0
       0
       0
       0
       1
       0
       0
       1
       1
       2
       0
       1
       1
       0
       0
       0
       0
       0
       3
       0
       0
       2
       0
       0
       1
       2
       0
       0
       0
       0
       0
       0
       0
       0
       0
       0
       0
       0
       0
       1
       1
       0
       0
       0
       0
       0
       0
       0
       0
       1
       0
       0
       2
       0
       2
       0
       0
       0
       0
       0
       1
       0
       2
       0
       0
       0
       2
       0
       0
       0
       1
       0
       0
       1
       0
       0
       0
       0
       0
       0
       0
       1
       0
       1
       0
       0
       0
       2
       0
       0
       0
       0
       0
       0
       0
       1
       0
       1
       1
       0
       0
       0
       0
       0
       0
       1
       0
       0
       0
       0
       0
       0
       1
       0
       0
       1
       0
       0
       0
       0
       0
       1
       0
       0
       0
       0
       2
       0
       1
       1
       0
       0
       0
       2
       0
       0
       0
       0
       1
       0
       0
       0
       0
       0
       0
       1
       0
       0
       0
       0
       0
       0
       0
       0
       0
       0
       0
       0
       0
       0
       0
       0
       0
       0
       0
       0
       1
       0
       1
       0
       0
       0
       0
       0
       0
       0
       1
       0
       1
       0
       1
       2
       0
       0
       0
       1
       0
       1
       0
       0
       1
       0
       1
       1
       1
       0
       0
       0
       0
       0
       0
       1
       0
       1
       1
       0
       0
       0
       0
       0
       0
       0
       0
       1
       1
       0
       0
       0
       1
       0
       0
       0
       0
       1
       0
       0
       0
       0
       1
       0
       0
       0
       0
       1
       1
       0
       0
       3
       1
       0
       0
       1
       0
       1
       1
       0
       0
       0
       0
       0
       1
       0
       0
       0
       0
       1
       0
       1
       0
       0
       0
       0
       0
       0
       0
       0
       0
       0
       1
       0
       0
       0
       0
       0
       1
       0
       0
       0
       0
       0
       0
       1
       0
       0
       0
       2
       0
       1
       0
       0
       1
       0
       0
       0
       0
       1
       0
       1
       0
       1
       0
       1
       0
       1
       0
       0
       1
       1
       0
       0
       0
       0
       0
       0
       0
       1
       0
       0
       0
       0
       0
       0
       0
       2
       0
       0
       0
       0
       0
       0
       0
       0
       1
       0
       0
       0
       0
       1
       0
       0
       1
       0
       1
       1
       0
       1
       0
       0
       0
       0
       1
       0
       0
       0
       1
       0
       0
       1
       0
       2
       0
       0
       0
       0
       0
       0
       0
       1
       0
       0
       1
       1
       1
       0
       0
       0
       0
       0
       0
       0
       0
       0
       0
       0
       0
       1
       0
       1
       1
       2
       1
       0
       1
       0
       0
       0
       0
       0
       0
       0
       0
       1
       1
       0
       0
       0
       0
       0
       0
       0
       0
       1
       0
       0
       0
       0
       0
       0
       0
       0
       1
       1
       0
       0
       0
       0
       1
       0
       0
       0
       0
       0
       1
       0
       2
       0
       1
       1
       0
       1
       2
       0
       0
       0
       0
       0
       0
       0
       2
       0
       1
       0
       0
       0
       0
       0
       0
       0
       0
       0
       0
       0
       0
       0
       0
       0
       0
       0
       0
       0
       1
       0
       1
       2
       0
       0
       0
       0
       0
       1
       1
       0
       0
       0
       1
       0
       0
       1
       0
       0
       0
       0
       1
       0
       1
       0
       0
       1
       0
       2
       0
       0
       0
       1
       1
       0
       0
       0
       0
       0
       0
       0
       0
       0
       0
       1
       0
       0
       0
       0
       0
       1
       0
       0
       0
       0
       0
       0
       0
       0
       0
       2
       1
       0
       1
       1
       1
       0
       1
       0
       0
       4
       2
       3
       3
       4
       0
       1
       4
       0
       0
       0
       1
       0
       1
       0
       0
       0
       1
       0
       0
       1
       0
       0
       0
       0
       0
       0
       1
       0
       1
       0
       0
       0
       0
       0
       1
       0
       0
       0
       0
       0
       0
       1
       0
       0
       0
       0
       1
       0
       1
       0
       0
       1
       0
       0
       0
       0
       1
       1
       0
       0
       1
       1
       0
       0
       0
       0
       0
       0
       0
       0
       0
       0
       1
       0
       0
       2
       1
       0
       0
       1
       0
       0
       1
       0
       0
       1
       0
       0
       2
       0
       1
       2
       1
       1
       0
       0
       0
       0
       1
       0
       0
       2
       0
       0
       1
       0
       0
       0
       0
       0
       0
       0
       0
       1
       0
       0
       1
       1
       0
       0
       1
       0
       1
       1
       2
       0
       0
       1
       0
       0
       0
       0
       0
       2
       0
       0
       0
       0
       0
       0
       0
       1
       0
       0
       0
       0
       0
       0
       0
       0
       0
       0
       0
       1
       0
       0
       0
       0
       0
       0
       0
       0
       0
       0
       1
       0
       0
       0
       0
       0
       0
       1
       0
       0
       0
       0
       0
       0
       1
       0
       0
       0
       0
       1
       0
       0
       1
       1
       0
       0
       0
       0
       2
       0
       2
       0
       0
       2
       0
       0
       0
       0
       0
       1
       2
       0
       0
       2
       0
       0
       1
       0
       0
       0
       0
       1
       0
       0
       0
       0
       0
       1
       0
       0
       0
       0
       0
       0
       0
       0
       2
       0
       0
       0
       0
       0
       0
       0
       1
       0
       0
       0
       0
       0
       0
       0
       0
       0
       2
       2
       3
       2
       2
       0
       2
       1
       0
       0
       0
       0
       0
       0
       1
       0
       0
       0
       0
       0
       0
       0
       0
       1
       1
       0
       0
       0
       0
       0
       1
       0
       0
       0
       0
       1
       0
       0
       0
       0
       1
       0
       0
       1
       1
       0
       0
       0
       0
       0
       1
       0
       0
       0
       0
       0
       0
       0
       0
       0
       1
       1
       0
       1
       0
       0
       0
       0
       1
       1
       0
       0
       0
       0
       1
       0
       0
       0
       0
       1
       0
       1
       0
       0
       0
       0
       0
       0
       0
       1
       0
       0
       0
       0
       0
       0
       0
       0
       0
       0
       1
       0
       0
       1
       0
       0
       0
       0
       0
       0
       0
       0
       0
       0
       0
       0
       0
       0
       0
       0
       0
       0
       0
       0
       0
       0
       3
       0
       1
       2
       0
       0
       0
       0
       0
       0
       0
       1
       1
       0
       2
       2
       0
       0
       0
       1
       0
       0
       1
       0
       0
       1
       0
       0
       0
       0
       0
       0
       0
       0
       0
       1
       0
       0
       0
       0
       0
       1
       0
       0
       0
       0
       0
       0
       0
       0
       0
       0
       0
       1
       0
       0
       1
       0
       0
       0
       0
       0
       2
       0
       1
       0
       0
       0
       0
       0
       1
       1
       1
       1
       0
       1
       0
       1
       0
       0
       1
       0
       0
       0
       0
       0
       1
       1
       0
       0
       0
       0
       0
       0
       0
       0
       1
       0
       0
       0
       0
       0
       0
       0
       0
       1
       0
       1
       0
       1
       1
       0
       0
       0
       0
       0
       2
       0
       1
       0
       0
       0
       0
       0
       0
       1
       2
       0
       0
       0
       0
       0
       1
       0
       1
       0
       0
       0
       0
       1
       0
       1
       1
       1
       0
       1
       1
       0
       1
       0
       1
       1
       0
       0
       1
       0
       0
       0
       1
       0
       0
       1
       0
       0
       0
       1
       0
       0
       0
       0
       0
       0
       0
       1
       1
       0
       0
       0
       0
       1
       0
       0
       0
       0
       0
       0
       0
       0
       0
       0
       0
       1
       0
       0
       0
       0
       0
       0
       1
       0
       0
       0
       0
       0
       2
       1
       1
       2
       1
       0
       0
       0
       0
       0
       1
       0
       1
       0
       0
       0
       0
       1
       0
       0
       0
       0
       0
       0
       1
       0
       0
       0
       0
       1
       0
       0
       0
       1
       0
       0
       0
       0
       0
       0
       1
       0
       0
       0
       0
       1
       0
       1
       1
       0
       0
       0
       0
       0
       1
       0
       0
       0
       0
       1
       1
       0
       0
       0
       0
       1
       0
       0
       0
       0
       0
       1
       0
       0
       1
       1
       0
       1
       0
       0
       0
       0
       0
       1
       0
       0
       1
       1
       0
       0
       1
       0
       0
       0
       0
       1
       0
       0
       0
       0
       0
       0
       0
       0
       0
       0
       0
       0
       0
       0
       0
       0
       2
       0
       0
       1
       0
       0
       0
       0
       0
       0
       1
       0
       0
       0
       0
       0
       0
       0
       0
       0
       1
       0
       0
       0
       0
       0
       0
       0
       1
       0
       0
       0
       0
       0
       0
       0
       0
       0
       0
       1
       0
       0
       1
       0
       0
       0
       0
       0
       1
       1
       0
       0
       0
       0
       0
       0
       0
       0
       0
       1
       0
       1
       0
       0
       0
       1
       0
       0
       0
       0
       0
       0
       0
       0
       0
       0
       1
       0
       0
       0
       0
       0
       0
       0
       0
       2
       0
       0
       0
       0
       0
       1
       0
       0
       0
       0
       1
       0
       0
       0
       0
       0
       1
       0
       0
       0
       0
       0
       1
       0
       0
       1
       0
       0
       0
       0
       0
       0
       0
       0
       1
       0
       0
       0
       0
       0
       0
       0
       0
       0
       0
       0
       0
       0
       0
       0
       0
       1
       0
       0
       2
       0
       0
       0
       0
       0
       0
       0
       0
       0
       0
       1
       1
       1
       1
       0
       0
       0
       0
       0
       0
       0
       0
       1
       0
       0
       1
       0
       0
       0
       0
       0
       0
       0
       0
       0
       0
       0
       0
       1
       0
       1
       0
       0
       0
       0
       0
       0
       0
       0
       0
       0
       1
       1
       0
       0
       0
       0
       0
       0
       0
       0
       0
       0
       0
       0
       0
       1
       0
       0
       0
       0
       2
       0
       1
       0
       0
       0
       0
       0
       0
       0
       0
       1
       0
       0
       1
       0
       0
       0
       0
       1
       0
       0
       0
       0
       0
       0
       0
       0
       0
       0
       0
       0
       1
       0
       0
       0
       0
       0
       0
       1
       0
       0
       0
       1
       0
       0
       0
       1
       0
       0
       0
       0
       0
       0
       0
       0
       0
       0
       0
       0
       0
       0
       1
       0
       0
       0
       0
       0
       0
       0
       0
       1
       0
       0
       0
       0
       0
       1
       0
       0
       0
       0
       0
       0
       0
       0
       0
       0
       0
       0
       1
       0
       0
       0
       0
       0
       0
       0
       0
       0
       0
       0
       0
       0
       0
       0
       0
       0
       1
       0
       0
       0
       0
       1
       0
       0
       0
       0
       0
       0
       0
       0
       0
       0
       0
       0
       0
       0
       0
       0
       0
       0
       0
       0
       0
       0
       0
       1
       0
       0
       0
       1
       0
       1
       0
       0
       0
       0
       0
       0
       0
       0
       0
       0
       0
       0
       0
       0
       0
       1
       0
       0
       0
       0
       0
       0
       0
       0
       0
       0
       0
       0
       1
       0
       0
       0
       0
       0
       1
       0
       0
       0
       0
       0
       0
       0
       0
       0
       0
       0
       0
       0
       0
       0
       0
       0
       0
       1
       0
       0
       0
       0
       0
       1
       0
       0
       0
       0
       0
       0
       0
       1
       0
       0
       0
       0
       0
       0
       0
       0
       0
       0
       0
       0
       1
       0
       0
       0
       0
       0
       0
       0
       0
       0
       1
       0
       0
       0
       0
       0
       0
       0
       0
       0
       0
       0
       0
       0
       0
       0
       0
       0
       0
       0
       0
       0
       0
       0
       0
       0
       0
       0
       0
       0
       0
       0
       0
       0
       0
       0
       0
       0
       0
       0
       0
       0
       0
       0
       0
       0
       0
       0
       1
       0
       0
       0
       0
       0
       0
       0
       0
       0
       0
       0
       0
       0
       1
       0
       0
       0
       0
       0
       0
       0
       0
       0
       0
       0
       0
       0
       0
       0
       0
       0
       0
       0
       0
       0
       0
       0
       0
       0
       0
       0
       0
       0
       0
       0
       0
       0
       0
       0
       0
       0
       0
       0
       0
       0
       0
       0
       0
       0
       0
       0
       0
       0
       0
       0
       3
       3
       4
       0
      10
      12
      10
       2
       6
       6
       2
       0
       0
       0
       0
       0
       0
       0
       0
       0
       0
       0
       0
       0
       0
       0
       0
       1
       0
       0
       0
       0
       0
       0
       0
       0
       0
       0
       0
       0
       0
       0
       0
       0
       0
       0
       0
       0
       0
       0
       0
       0
       0
       0
       0
       0
       0
       0
       0
       0
       0
       0
       0
       0
       0
       0
       0
       0
       1
       1
       0
       0
       0
       0
       0
       0
       0
       0
       0
       0
       0
       0
       0
       0
       0
       0
       0
       0
       0
       0
       0
       0
       0
       0
       0
       0
       0
       0
       0
       0
       0
       0
       0
       0
       0
       0
       0
       0
       0
       0
       0
       0
       0
       0
       0
       0
       0
       0
       0
       0
       0
       0
       0
       0
       0
       0
       0
       0
       0
       0
       0
       0
       0
       0
       0
       0
       0
       0
       0
       0
       0
       0
       0
       0
       0
       0
       0
       0
       0
       0
       0
       0
       0
       0
       0
       0
       0
       0
       0
       0
       0
       0
       0
       0
       0
       0
       0
       0
       0
       0
       0
       0
       0
       0
       0
       0
       0
       0
       0
       0
       0
       0
       0
       0
       1
       0
       0
       0
       0
       0
       0
       0
       0
       0
       0
       0
       0
       0
       0
       0
       0
       0
       0
       0
       0
       0
       0
       0
       0
       0
       0
       0
       0
       0
       0
       0
       0
       0
       0
       0
       0
       0
       0
       0
       0
       0
       0
       0
       0
       0
       0
       0
       0
       0
       0
       0
       0
       0
       0
       0
       0
       0
       0
       0
       0
       0
       0
       0
       0
       0
       0
       0
       0
       0
       0
       0
       0
       0
       0
       0
       0
       0
       0
       0
       0
       0
       0
       0
       0
       0
       0
       0
       0
       0
       0
       0
       0
       0
       0
       0
       0
       0
       0
       0
       0
       0
       0
       0
       0
       0
       0
       0
       0
       1
       0
       0
       0
       0
       0
       0
       0
       0
       0
       0
       0
       0
       0
       0
       0
       0
       0
       0
       0
       0
       0
       0
       0
       0
       0
       0
       0
       0
       0
       0
       0
       0
       1
       0
       0
       0
       0
       0
       0
       0
       0
       0
       0
       0
       0
       0
       0
       0
       0
       0
       0
       0
       0
       0
       0
       0
       0
       0
       0
       0
       0
       0
       0
       0
       0
       0
       0
       0
       0
       0
       0
       0
       0
       0
       0
       0
       0
       0
       0
       0
       0
       0
       0
       0
       0
       0
       0
       0
       0
       0
       0
       0
       0
       0
       0
       0
       0
       0
       0
       0
       0
       0
       0
       0
       0
       0
       0
       0
       0
       0
       0
       0
       0
       0
       0
       0
       0
       0
       0
       0
       0
       0
       0
       0
       0
       0
       0
       0
       0
       0
       0
       0
       0
       0
       0
       0
       0
       0
       0
       0
       0
       0
       0
       0
       0
       0
       0
       0
       0
       0
       0
       0
       0
       0
       0
       0
       0
       0
       0
       0
       0
       0
       0
       0
       0
       0
       0
       0
       0
       0
       0
       0
       0
       0
       0
       0
       0
       0
       0
       0
       0
       0
       0
       0
       0
       0
       0
       0
       0
       0
       0
       0
       0
       0
       0
       0
       0
       0
       0
       0
       0
       0
       0
       0
       0
       0
       0
       0
       0
       0
       0
       0
       0
       0
       0
       0
       0
       0
       0
       0
       0
       0
       0
       0
       0
       0
       0
       0
       0
       1
       0
       0
       0
       0
       0
       0
       0
       0
       0
       0
       0
       0
       0
       0
       0
       0
       0
       0
       0
       0
       0
       0
       0
       0
       0
       0
       0
       0
       0
       0
       0
       0
       0
       0
       0
       0
       0
       0
       0
       0
       0
       0
       0
       0
       0
       0
       0
       0
       0
       0
       0
       0
       0
       0
       0
       0
       0
       0
       0
       0
       0
       0
       0
       0
       0
       0
       0
       0
       0
       0
       0
       0
       0
       0
       0
       0
       0
       0
       0
       0
       0
       0
       0
       0
       0
       0
       0
       0
       0
       0
       0
       0
       0
       0
       0
       0
       0
       0
       0
       0
       0
       0
       0
       0
       0
       0
       0
       0
       0
       0
       0
       0
       0
       0
       0
       0
       0
       0
       0
       0
       0
       0
       0
       0
       0
       0
       0
       0
       0
       0
       0
       0
       0
       0
       0
       0
       0
       0
       0
       0
       0
       0
       0
       0
       0
       0
       0
       0
       0
       0
       0
       0
       0
       0
       0
       0
       0
       0
       0
       0
       0
       0
       0
       0
       0
       0
       0
       0
       0
       0
       0
       0
       0
       0
       0
       0
       0
       0
       0
       0
       0
       0
       0
       0
       0
       0
       0
       0
       0
       0
       0
       0
       0
       0
       0
       0
       0
       0
       0
       0
       0
       0
       0
       0
       0
       0
       0
       0
       0
       0
       0
       0
       0
       0
       0
       0
       0
       0
       0
       0
       0
       0
       0
       0
       0
       0
       0
       0
       0
       0
       0
       0
       0
       0
       0
       1
       0
       0
       0
       0
       0
       0
       0
       0
       0
       0
       0
       0
       0
       0
       0
       0
       0
       0
       0
       0
       0
       0
       0
       0
       0
       0
       0
       0
       0
       0
       0
       0
       0
       0
       0
       0
       0
       0
       0
       0
       0
       0
       0
       0
       0
       0
       0
       0
       0
       0
       0
       0
       0
       0
       0
       0
       0
       0
       0
       0
       0
       0
       0
       0
       0
       0
       0
       0
       0
       0
       0
       0
       0
       0
       0
       0
       0
       0
       0
       0
       0
       0
       0
       0
       0
       0
       0
       0
       0
       0
       0
       0
       0
       0
       0
       0
       0
       0
       0
       0
       0
       0
       0
       0
       0
       0
       0
       0
       0
       0
       0
       0
       0
       0
       0
       0
       0
       0
       0
       0
       0
       0
       0
       0
       0
       0
       0
       0
       0
       0
       0
       0
       0
       0
       0
       0
       0
       0
       0
       0
       0
       0
       0
       0
       0
       0
       0
       0
       0
       0
       0
       0
       0
       0
       0
       0
       0
       0
       0
       0
       0
       0
       0
       0
       0
       0
       0
       0
       0
       0
       0
       0
       0
       0
       0
       0
       0
       0
       0
       0
       0
       0
       0
       0
       0
       0
       0
       0
       0
       0
       0
       0
       0
       0
       0
       0
       0
       0
       0
       0
       0
       0
       0
       0
       0
       0
       0
       0
       0
       0
       0
       0
       0
       1
       0
       0
       0
       0
       0
       0
       0
       0
       0
       0
       0
       0
       0
       0
       0
       0
       0
       0
       0
       0
       0
       0
       0
       0
       0
       0
       0
       0
       0
       0
       0
       0
       0
       0
       0
       0
       0
       0
       0
       0
       0
       0
       0
       0
       0
       0
       0
       0
       0
       0
       0
       0
       0
       0
       0
       0
       0
       0
       0
       0
       0
       0
       0
       0
       0
       0
       0
       0
       0
       0
       0
       0
       0
       0
       0
       0
       0
       0
       0
       0
       0
       0
       0
       0
       0
       0
       0
       0
       0
       0
       0
       0
       0
       0
       0
       0
       0
       0
       0
       0
       0
       0
       0
       0
       0
       0
       0
       0
       0
       0
       0
       0
       0
       0
       0
       0
       0
       0
       0
       0
       0
       0
       0
       0
       0
       0
       0
       0
       0
       0
       0
       0
       0
       0
       0
       0
       0
       0
       0
       0
       0
       0
       0
       0
       0
       0
       0
       0
       0
       0
       0
       0
       0
       0
       0
       0
       0
       0
       0
       0
       0
       0
       0
       0
       0
       0
       0
       0
       0
       0
       0
       0
       0
       0
       0
       0
       0
       0
       0
       0
       0
       0
       0
       0
       0
       0
       0
       0
       0
       0
       0
       0
       0
       0
       0
       0
       0
       0
       0
       0
       0
       0
       0
       0
       0
       0
       0
       0
       0
       0
       0
       0
       0
       0
       0
       0
       0
       0
       0
       0
       0
       0
       0
       0
       0
       0
       0
       0
       0
       0
       0
       0
       0
       0
       0
       0
       0
       0
       0
       0
       0
       0
       0
       0
       0
       0
       0
       0
       0
       0
       0
       0
       0
       0
       0
       0
       0
       0
       0
       0
       0
       0
       0
       0
       0
       0
       0
       0
       0
       0
       0
       0
       0
       0
       0
       0
       0
       0
       0
       0
       0
       0
       0
       0
       0
       0
       0
       0
       0
       0
       1
       0
       0
       0
       0
       0
       0
       0
       0
       0
       0
       0
       0
       0
       0
       0
       0
       0
       0
       0
       0
       0
       0
       0
       0
       0
       0
       0
       0
       0
       0
       0
       0
       0
       0
       0
       0
       0
       0
       0
       0
       0
       1
       0
       0
       0
       0
       0
       0
       0
       0
       0
       0
       0
       0
       0
       0
       0
       0
       0
       0
       0
       0
       0
       0
       0
       0
       0
       0
       0
       0
       0
       0
       0
       0
       0
       0
       0
       0
       0
       0
       0
       0
       0
       0
       0
       0
       0
       0
       0
       0
       0
       0
       0
       0
       0
       0
       0
       0
       0
       0
       0
       0
       0
       0
       0
       0
       0
       0
       0
       0
       0
       0
       0
       0
       0
       0
       0
       0
       0
       0
       0
       0
       0
       0
       0
       0
       0
       0
       0
       0
       0
       0
       0
       0
       0
       0
       0
       0
       0
       0
       0
       0
       0
       0
       0
       0
       0
       0
       0
       0
       0
       0
       0
       0
       0
       0
       0
       0
       0
       0
       0
       0
       0
       0
       0
       0
       1
       0
       0
       0
       0
       0
       0
       0
       0
       0
       0
       0
       0
       0
       0
       0
       0
       0
       0
       0
       0
       0
       0
       0
       1
       0
       0
       0
       0
       0
       0
       0
       0
       0
       0
       0
       0
       0
       0
       0
       0
       0
       0
       0
       0
       0
       0
       0
       0
       0
       0
       0
       0
       0
       0
       0
       0
       0
       0
       0
       0
       0
       0
       0
       0
       0
       0
       0
       0
       0
       0
       0
       0
       0
       0
       0
       0
       0
       0
       0
       0
       0
       0
       0
       0
       0
       0
       0
       0
       0
       0
       0
       0
       0
       0
       0
       0
       0
       0
       0
       0
       0
       0
       0
       0
       0
       0
       0
       0
       0
       0
       1
       0
       0
       0
       0
       0
       0
       0
       0
       0
       1
       0
       0
       0
       0
       0
       0
       0
       0
       0
       0
       0
       0
       0
       0
       0
       0
       0
       0
       0
       0
       0
       0
       0
       0
       0
       0
       0
       0
       0
       0
       0
       0
       0
       0
       0
       0
       0
       0
       0
       0
       0
       0
       0
       0
       0
       0
       0
       0
       0
       0
       0
       0
       0
       0
       0
       0
       0
       0
       0
       0
       0
       0
       0
       0
       0
       0
       0
       0
       0
       0
       0
       0
       0
       0
       0
       0
       0
       0
       0
       0
       0
       0
       0
       0
       0
       0
       0
       0
       0
       0
       0
       0
       0
       0
       0
       0
       0
       0
       0
       0
       0
       0
       0
       0
       0
       1
       0
       0
       0
       0
       0
       0
       0
       0
       0
       0
       0
       0
       0
       0
       0
       0
       0
       0
       0
       0
       0
       0
       0
       0
       0
       0
       0
       0
       0
       0
       0
       0
       0
       0
       0
       0
       0
       0
       0
       0
       0
       0
       0
       0
       0
       0
       0
       0
       0
       0
       0
       0
       0
       0
       0
       0
       0
       0
       0
       0
       0
       0
       0
       0
       0
       0
       0
       0
       0
       0
       0
       0
       0
       0
       0
       0
       0
       0
       0
       0
       0
       0
       0
       0
       0
       0
       0
       0
       0
       0
       0
       0
       0
       0
       0
       0
       0
       0
       0
       0
       0
       0
       0
       0
       0
       0
       0
       0
       0
       0
       0
       0
       0
       0
       0
       0
       0
       0
       0
       0
       0
       0
       0
       0
       0
       0
       0
       0
       0
       0
       0
       0
       0
       0
       0
$ROI:
3
2849 2910
3245 3293
5349 5366
$PRESETS:
None
0
0
$ENER_FIT:
2.173241 0.407524
$MCA_CAL:
3
2.173241E+000 4.075244E-001 0.000000E+000 keV
$SHAPE_CAL:
3
5.213420E-001 1.196432E-003 0.000000E+000
