$SPEC_ID:
No sample description was entered.
$SPEC_REM:
DET# 1
DETDESC# DESKTOP-95CNEVU Easy-MCA-2k SN 16145343
AP# Maestro Version 7.01
$DATE_MEA:
09/30/2020 10:37:14
$MEAS_TIM:
669 897
$DATA:
0 2047
       0
       0
       0
       0
       0
       0
       0
       0
       0
       0
       0
       0
       0
       0
       0
       0
       0
       0
       0
       0
       0
       0
       0
       0
       0
       0
       0
       0
       0
       0
       0
       0
       0
       0
       0
       0
       0
       0
      15
   20814
   31937
   34229
   34685
   33564
   30866
   28907
   26965
   26199
   25395
   24038
   22672
   21431
   20415
   19662
   19595
   19266
   19428
   19829
   19877
   20461
   20371
   21003
   20874
   21126
   21334
   21815
   22093
   22250
   22620
   22795
   23065
   23581
   23476
   23655
   23986
   24143
   24037
   24493
   24844
   24859
   24616
   25538
   25327
   25242
   25691
   25581
   25922
   26127
   26282
   26900
   26991
   27673
   28188
   29011
   29403
   30123
   31448
   32745
   33315
   34571
   35293
   35855
   36929
   37357
   37793
   37778
   37885
   37871
   37951
   38166
   38259
   37576
   37843
   37543
   37597
   37276
   37099
   37033
   36424
   35814
   36331
   35777
   35316
   35393
   35254
   34782
   34463
   33986
   34335
   33784
   33609
   33446
   32989
   33046
   32554
   32612
   32065
   31889
   31862
   31568
   31513
   30784
   30995
   31114
   30790
   30524
   30291
   30281
   30128
   29690
   29233
   29512
   29215
   29039
   28901
   28701
   28472
   28141
   28184
   27786
   27495
   27966
   27291
   27259
   27183
   26904
   27079
   26987
   26745
   26290
   26656
   26486
   26129
   25950
   26075
   25960
   25808
   25686
   25768
   25140
   25554
   25344
   25044
   24862
   24998
   24634
   24918
   24986
   24716
   25006
   24801
   24448
   24633
   24671
   24543
   24613
   24494
   24295
   24461
   24185
   24241
   24240
   24164
   24337
   24339
   24125
   24169
   24209
   24307
   24135
   24252
   24092
   24435
   24753
   24320
   24413
   24308
   24266
   24306
   24359
   24211
   24517
   24440
   24440
   24011
   24487
   24059
   23880
   23517
   23503
   23056
   22558
   22165
   21831
   21016
   20441
   20144
   19143
   18443
   17872
   17174
   16236
   15755
   14807
   14253
   13723
   12950
   12775
   12114
   11786
   11481
   10968
   10590
   10139
   10052
    9655
    9443
    9236
    9154
    8693
    8524
    8373
    8215
    8080
    7804
    7596
    7465
    7377
    7208
    6994
    6983
    6791
    6817
    6642
    6388
    6290
    6130
    6071
    6026
    5863
    5722
    5730
    5586
    5518
    5343
    5476
    5331
    5230
    5285
    5107
    5097
    5068
    5008
    4893
    4951
    4841
    4872
    4947
    5136
    5083
    5196
    5320
    5661
    5965
    6355
    6831
    7454
    8168
    9319
   10466
   12059
   13711
   16303
   18452
   21871
   25603
   29724
   34817
   40901
   46714
   53728
   61722
   69679
   78797
   88433
   98240
  109190
  119064
  129137
  139347
  147882
  156295
  164003
  171345
  175436
  178298
  179061
  178787
  176108
  173036
  166499
  159203
  151129
  141313
  130872
  120667
  109599
   97553
   87505
   77248
   66954
   58359
   50205
   43084
   36330
   30521
   25845
   21642
   18083
   15456
   12994
   11372
    9847
    8607
    7804
    6904
    6523
    6160
    5669
    5466
    5199
    5038
    4936
    4908
    4835
    4651
    4633
    4641
    4528
    4571
    4359
    4353
    4418
    4406
    4162
    4102
    4141
    4080
    3972
    4006
    4033
    3900
    4085
    3931
    3928
    3820
    3815
    3913
    3767
    3699
    3719
    3716
    3689
    3738
    3653
    3709
    3602
    3678
    3664
    3491
    3543
    3612
    3559
    3526
    3636
    3665
    3553
    3596
    3680
    3684
    3669
    3688
    3698
    3725
    3702
    3608
    3670
    3695
    3681
    3659
    3661
    3712
    3647
    3693
    3643
    3578
    3675
    3605
    3739
    3608
    3455
    3586
    3445
    3461
    3421
    3400
    3451
    3260
    3375
    3309
    3289
    3182
    3271
    3238
    3149
    3163
    3105
    3165
    3013
    3078
    3024
    2955
    2863
    2897
    2791
    2894
    2919
    2818
    2808
    2815
    2732
    2663
    2791
    2787
    2669
    2630
    2561
    2571
    2518
    2465
    2577
    2471
    2465
    2450
    2410
    2364
    2447
    2376
    2398
    2469
    2298
    2358
    2237
    2277
    2324
    2214
    2234
    2234
    2234
    2186
    2188
    2171
    2116
    2202
    2176
    2078
    2085
    2065
    2051
    2063
    2035
    2033
    1983
    1997
    1952
    1970
    1973
    1922
    1871
    1878
    1872
    1874
    1937
    1839
    1894
    1842
    1847
    1830
    1864
    1777
    1769
    1769
    1733
    1733
    1756
    1649
    1696
    1725
    1708
    1669
    1661
    1638
    1644
    1607
    1603
    1674
    1649
    1614
    1580
    1591
    1543
    1637
    1570
    1519
    1519
    1457
    1497
    1497
    1422
    1509
    1460
    1418
    1403
    1411
    1316
    1367
    1327
    1351
    1333
    1312
    1254
    1298
    1255
    1346
    1265
    1193
    1264
    1202
    1224
    1234
    1175
    1120
    1175
    1117
    1148
    1145
    1126
    1124
    1120
    1141
    1072
    1074
    1059
    1107
    1031
    1083
    1094
    1123
    1128
    1050
    1032
    1017
    1075
    1003
     998
    1075
    1029
    1091
    1077
    1022
    1010
    1072
    1117
    1053
    1116
    1103
    1122
    1032
    1087
    1127
    1062
    1064
    1118
    1113
    1078
    1168
    1109
    1106
    1110
    1196
    1233
    1134
    1179
    1224
    1104
    1209
    1232
    1209
    1281
    1233
    1213
    1320
    1309
    1292
    1400
    1389
    1347
    1481
    1424
    1470
    1491
    1626
    1552
    1466
    1617
    1594
    1592
    1640
    1597
    1642
    1578
    1691
    1646
    1582
    1631
    1606
    1590
    1471
    1530
    1448
    1555
    1437
    1417
    1385
    1256
    1317
    1189
    1170
    1096
    1007
     963
     938
     838
     808
     766
     756
     652
     616
     584
     521
     501
     468
     407
     420
     363
     324
     341
     289
     253
     251
     235
     229
     234
     203
     177
     197
     190
     181
     173
     171
     174
     137
     157
     146
     169
     141
     154
     139
     152
     134
     132
     147
     136
     142
     164
     137
     129
     140
     119
     122
     126
     102
     139
     141
     122
     129
     130
     112
     129
     101
     106
     114
     123
     112
     105
     107
     108
     128
     105
     108
     104
     109
     111
      99
     108
      98
      86
     129
     111
     113
     111
      96
      90
      85
      92
      93
      99
      83
      83
      97
      70
      85
      84
      80
      86
     108
      74
      73
     104
      83
      72
      90
      80
      84
      74
      92
      69
      81
      75
      61
      62
      64
      79
      75
      61
      69
      68
      75
      64
      72
      70
      62
      57
      67
      70
      85
      71
      58
      56
      65
      66
      53
      60
      47
      52
      57
      58
      75
      57
      50
      61
      49
      51
      64
      40
      56
      46
      43
      50
      54
      60
      43
      50
      56
      41
      66
      50
      45
      53
      50
      53
      51
      42
      38
      35
      55
      45
      41
      44
      32
      43
      59
      40
      41
      28
      45
      48
      44
      41
      31
      50
      41
      36
      39
      28
      28
      47
      28
      30
      39
      35
      40
      30
      50
      31
      37
      25
      27
      31
      31
      27
      41
      43
      27
      31
      33
      31
      23
      29
      30
      30
      36
      25
      25
      30
      31
      27
      27
      24
      38
      27
      27
      29
      21
      30
      27
      22
      31
      33
      21
      25
      28
      23
      21
      24
      25
      13
      28
      21
      22
      27
      20
      12
      18
      13
      26
      15
      17
      22
      26
      33
      26
      19
      16
      22
      19
      18
      21
      20
      23
      20
      20
      16
      21
      23
      16
      13
      24
      20
      15
      23
      25
      16
      11
      27
      16
      16
      12
      15
      22
      23
      20
      27
      19
      12
      18
      23
      19
      15
      21
      14
      16
      16
      19
      17
      18
       9
      16
      14
      17
      21
      12
      14
      15
      20
      12
      14
      12
      15
      17
      15
      16
       8
      15
      13
       9
      21
      18
       9
      17
       8
       7
      17
      10
      11
      10
      14
      14
       7
       8
       9
      11
      11
      11
       4
       7
       7
      10
       5
       7
       6
       7
       4
       3
       6
       4
      11
       5
       4
       6
       4
       4
       2
       5
       2
      10
       2
       5
       6
       2
       5
       0
       3
       2
       4
       3
       5
       2
       3
       2
       1
       4
       2
       2
       2
       2
       5
       5
       3
       2
       1
       2
       5
       1
       1
       3
       1
       2
       2
       3
       1
       2
       1
       2
       1
       2
       2
       0
       1
       3
       2
       2
       3
       0
       3
       1
       1
       1
       3
       2
       4
       1
       1
       4
       1
       2
       2
       1
       3
       0
       0
       4
       2
       1
       2
       1
       1
       0
       3
       2
       3
       1
       0
       3
       0
       2
       1
       1
       2
       0
       2
       1
       0
       2
       1
       0
       3
       1
       1
       1
       3
       7
       4
       0
       0
       2
       2
       1
       1
       1
       1
       1
       1
       2
       4
       1
       2
       1
       0
       0
       3
       1
       1
       2
       0
       1
       1
       2
       2
       1
       0
       2
       2
       1
       2
       1
       1
       0
       2
       0
       1
       1
       1
       0
       2
       1
       0
       1
       1
       0
       1
       1
       1
       0
       1
       0
       1
       0
       3
       0
       1
       0
       1
       3
       0
       1
       0
       1
       1
       1
       0
       0
       0
       0
       2
       0
       1
       2
       0
       2
       0
       0
       1
       2
       1
       0
       1
       1
       0
       2
       1
       1
       3
       2
       0
       0
       1
       0
       0
       2
       0
       2
       0
       2
       0
       3
       3
       0
       1
       0
       1
       4
       1
       1
       0
       1
       1
       0
       2
       2
       1
       2
       1
       0
       2
       0
       0
       2
       0
       1
       1
       0
       1
       0
       1
       0
       1
       0
       0
       1
       0
       0
       0
       1
       0
       2
       1
       1
       0
       0
       2
       2
       1
       1
       0
       0
       2
       1
       0
       2
       1
       1
       1
       1
       0
       0
       0
       0
       0
       0
       1
       0
       2
       0
       2
       1
       0
       2
       0
       0
       0
       0
       0
       0
       0
       0
       1
       0
       0
       0
       0
       0
       0
       1
       0
       0
       1
       0
       0
       0
       1
       0
       1
       0
       0
       1
       0
       1
       0
       0
       0
       3
       0
       0
       0
       0
       1
       0
       2
       1
       1
       0
       0
       0
       1
       0
       0
       0
       0
       0
       0
       1
       0
       0
       0
       1
       0
       0
       1
       0
       0
       0
       0
       0
       1
       0
       0
       0
       0
       0
       1
       0
       0
       0
       0
       0
       0
       0
       0
       2
       0
       1
       0
       0
       0
       0
       0
       0
       0
       0
       0
       0
       0
       0
       0
       0
       0
       0
       0
       0
       0
       0
       1
       0
       0
       0
       0
       0
       0
       0
       0
       0
       0
       0
       1
       0
       0
       0
       0
       1
       2
       0
       0
       0
       0
       0
       0
       0
       0
       0
       0
       0
       1
       0
       0
       0
       0
       0
       0
       0
       0
       1
       1
       0
       0
       0
       1
       0
       0
       2
       0
       0
       0
       0
       0
       0
       0
       0
       0
       0
       0
       0
       0
       0
       0
       0
       0
       0
       0
       0
       0
       0
       0
       0
       0
       0
       0
       0
       0
       0
       0
       0
       0
       0
       0
       2
       1
       0
       0
       0
       0
       0
       0
       1
       0
       0
       1
       0
       0
       0
       0
       1
       0
       0
       1
       0
       0
       0
       0
       0
       1
       0
       0
       0
       0
       1
       0
       0
       0
       0
       0
       1
       0
       0
       0
       1
       0
       1
       0
       0
       0
       0
       1
       0
       0
       0
       0
       0
       0
       0
       2
       1
       0
       0
       0
       0
       0
       0
       0
       0
       0
       0
       0
       0
       0
       0
       0
       0
       0
       1
       0
       0
       2
       0
       0
       1
       0
       0
       0
       1
       0
       0
       0
       0
       0
       0
       0
       0
       0
       1
       1
       0
       0
       1
       0
       0
       0
       0
       0
       0
       0
       1
       0
       1
       0
       0
       0
       0
       0
       1
       0
       0
       0
       0
       0
       1
       0
       0
       0
       0
       0
       0
       0
       0
       0
       1
       0
       0
       0
       0
       0
       0
       0
       0
       0
       0
       0
       0
       0
       1
       0
       0
       0
       1
       0
       0
       0
       0
       0
       0
       0
       1
       0
       0
       0
       0
       0
       0
       0
       0
       0
       0
       0
       0
       1
       0
       1
       0
       0
       0
       0
       0
       0
       0
       0
       0
       0
       0
       0
       1
       0
       0
       1
       0
       0
       1
       0
       0
       0
       0
       0
       0
       0
       0
       0
       0
       0
       0
       0
       0
       0
       0
       0
       0
       0
       0
       0
       0
       0
       0
       0
       0
       0
       0
       0
       1
       1
       0
       0
       2
       0
       0
       0
       1
       0
       0
       0
       1
       1
       0
       0
       0
       0
       0
       0
       0
       1
       1
       1
       0
       0
       0
       0
       0
       0
       0
       0
       0
       1
       0
       0
       0
       0
       0
       0
       0
       0
       0
       0
       0
       0
       0
       0
       0
       0
       0
       0
       0
       0
       0
       0
       0
       0
       0
       0
       0
       0
       0
       0
       0
       0
       0
       0
       0
       0
       0
       0
       0
       0
       0
       0
       0
       0
       0
       0
       0
       0
       0
       0
       0
       0
       0
       0
       1
       0
       0
       0
       0
       0
       0
       0
       0
       0
       0
       0
       1
       0
       1
       0
       0
       0
       0
       0
       0
       1
       0
       0
       0
       0
       0
       0
       0
       0
       0
       0
       0
       0
       0
       0
       0
       0
       0
       0
       0
       0
       0
       0
       0
       0
       0
       0
       0
       0
       0
       0
       0
       0
       0
       0
       0
       0
       0
       0
       1
       1
       0
       0
       0
       0
       0
       0
       0
       0
       0
       1
       0
       0
       0
       0
       0
       0
       0
       0
       0
       0
       0
       0
       0
       0
       0
       0
       0
       0
       0
       0
       0
       0
       0
       0
       0
       0
       0
       0
       0
       1
       0
       0
       0
       0
       0
       0
       0
       0
       0
       0
       0
       0
       0
       0
       1
       0
       0
       0
       0
       0
       0
       0
       0
       0
       0
       0
       0
       0
       0
       0
       0
       0
       1
       1
       0
       0
       0
       0
       0
       0
       0
       0
       0
       0
       0
       0
       0
       0
       0
       1
       0
       0
       0
       0
       0
       0
       0
       1
       0
       0
       1
       0
       0
       0
       0
       0
       0
       0
       0
       0
       0
       0
       0
       0
       0
       0
       0
       0
       0
       0
       0
       0
       0
       0
       0
       0
       0
       0
       0
       0
       0
       0
       0
       0
       0
       0
       0
       0
       0
       1
       0
       0
       0
       0
       0
       0
       0
       0
       0
       0
       0
       0
       0
       0
       0
       0
       0
       0
       0
       0
       0
       0
       0
       0
       0
       0
       0
       0
       0
       0
       0
       0
       0
       0
       0
       0
       0
       0
       0
       0
       0
       0
       0
$ROI:
1
299 369
$PRESETS:
Live Time
10000
0
$ENER_FIT:
-0.035297 0.002109
$MCA_CAL:
3
-3.529670E-002 2.109118E-003 0.000000E+000 MeV
$SHAPE_CAL:
3
1.002652E+001 3.494113E-002 0.000000E+000
