$SPEC_ID:
No sample description was entered.
$SPEC_REM:
DET# 1
DETDESC# DESKTOP-95CNEVU Easy-MCA-2k SN 16145343
AP# Maestro Version 7.01
$DATE_MEA:
09/30/2020 10:54:08
$MEAS_TIM:
119 527
$DATA:
0 2047
       0
       0
       0
       0
       0
       0
       0
       0
       0
       0
       0
       0
       0
       0
       0
       0
       0
       0
       0
       0
       0
       0
       0
       0
       0
       0
       0
       0
       0
       0
       0
       0
       0
       0
       0
       0
       0
       0
      14
   15384
   21943
   23456
   24447
   24751
   24504
   23696
   22240
   20890
   19871
   18938
   18011
   17163
   16626
   16023
   15348
   15048
   14973
   14958
   15042
   15159
   15630
   15822
   15772
   16083
   16448
   16442
   16860
   16746
   17162
   17482
   17655
   17813
   18216
   18109
   18398
   18521
   18671
   18899
   18969
   19242
   19429
   19935
   19690
   19885
   20325
   20885
   21288
   21610
   21702
   22503
   23259
   23433
   24183
   24703
   25554
   26435
   26759
   27464
   27926
   28142
   28542
   28767
   28871
   29098
   29100
   29103
   29306
   29108
   29457
   29508
   29533
   28998
   29293
   29150
   29406
   29271
   29318
   29060
   29179
   28736
   29142
   28795
   28626
   28741
   28699
   28077
   28553
   28338
   28519
   28379
   28065
   28144
   28065
   27491
   27702
   27336
   27522
   27425
   27330
   26701
   26952
   26743
   26945
   26858
   26590
   26300
   26117
   26154
   26280
   25984
   25919
   26036
   25798
   25985
   25777
   25727
   25692
   25521
   25445
   25370
   25538
   25513
   25194
   25255
   25364
   24595
   24766
   24616
   24307
   24120
   23643
   23341
   22866
   22567
   22366
   21465
   20952
   20698
   20186
   19628
   19060
   18670
   18300
   17718
   17436
   17353
   16808
   16732
   16404
   16350
   15853
   15659
   15296
   15266
   15088
   14833
   14448
   14490
   14478
   14307
   14140
   14085
   13723
   13638
   13508
   13486
   13321
   13027
   13105
   12961
   13025
   12776
   12786
   12367
   12582
   12434
   12401
   12355
   12331
   12100
   11895
   11871
   11545
   11677
   11686
   11562
   11520
   11626
   11317
   11451
   11276
   11017
   11115
   11407
   11198
   11245
   11264
   11231
   11684
   11529
   11844
   12264
   12903
   13243
   14421
   15348
   16853
   18518
   20631
   22870
   25882
   29375
   33518
   38151
   43150
   49371
   55567
   61833
   68591
   76934
   83948
   91632
   99434
  106942
  112915
  119061
  123714
  128200
  130258
  131310
  131500
  129563
  126592
  122035
  116958
  110969
  103779
   96157
   87459
   79446
   72069
   64387
   57428
   50415
   44264
   39432
   34700
   31177
   27539
   24816
   22736
   20983
   19804
   18359
   17670
   16791
   16646
   16235
   16142
   15839
   15867
   15646
   15738
   15579
   15750
   15365
   15336
   15338
   15079
   15180
   15165
   15012
   15160
   14767
   14876
   14680
   14899
   14576
   14487
   14417
   14489
   14387
   14165
   14096
   14113
   14043
   14370
   14130
   13912
   14250
   13813
   14132
   13947
   13713
   13787
   14055
   14126
   14039
   14171
   14095
   14150
   14214
   13963
   14221
   14105
   14385
   14313
   14427
   14381
   14319
   14328
   14244
   14400
   14183
   14281
   14533
   14453
   14434
   14561
   14287
   14140
   14384
   14515
   14615
   14178
   14483
   14270
   14234
   14437
   14001
   14155
   14096
   14261
   14284
   14164
   13922
   14047
   13864
   13880
   13900
   13774
   13519
   13797
   13683
   13443
   13385
   13521
   13191
   13318
   13433
   13307
   13377
   13066
   13203
   13067
   13109
   12897
   13021
   13027
   12914
   12753
   12635
   12795
   12673
   12501
   12725
   12530
   12467
   12388
   12467
   12262
   12149
   12381
   12433
   12067
   12032
   12244
   11969
   11937
   12114
   11910
   11963
   11683
   11843
   11931
   11494
   11675
   11568
   11371
   11372
   11457
   11537
   11341
   11471
   11239
   11436
   11253
   11370
   11084
   11040
   11099
   11123
   11145
   10988
   10835
   10919
   10947
   10796
   10913
   10898
   10607
   10480
   10793
   10597
   10552
   10559
   10571
   10599
   10613
   10385
   10423
   10655
   10673
   10517
   10464
   10557
   10357
   10435
   10397
   10490
   10475
   10314
   10688
   10479
   10410
   10297
   10462
   10473
   10261
   10342
   10585
   10544
   10480
   10593
   10495
   10374
   10488
   10458
   10591
   10627
   10596
   10638
   10676
   10529
   10853
   10779
   10696
   10885
   10761
   10674
   10971
   10867
   10782
   10958
   10891
   11241
   11282
   11232
   11359
   11205
   11359
   11457
   11316
   11363
   11574
   11621
   11737
   11563
   11868
   11792
   11713
   11872
   11887
   11878
   11985
   11973
   11828
   11867
   11958
   11822
   11908
   11606
   11774
   11536
   11435
   11396
   11004
   11167
   10900
   10689
   10551
   10400
   10028
    9648
    9612
    9266
    9194
    8923
    8851
    8639
    8344
    8058
    7963
    7825
    7444
    7356
    7243
    7113
    6881
    6914
    6759
    6641
    6529
    6448
    6282
    6139
    6338
    6105
    6236
    5946
    5981
    6077
    5847
    5683
    5850
    5766
    5797
    5596
    5572
    5576
    5601
    5325
    5507
    5396
    5601
    5452
    5466
    5262
    5329
    5370
    5400
    5375
    5171
    5325
    5203
    5232
    5273
    5124
    5161
    5160
    5237
    5213
    5299
    5191
    5155
    5306
    5384
    5433
    5415
    5416
    5632
    5613
    5644
    5751
    6031
    6090
    6194
    6536
    6697
    6827
    7103
    7339
    7638
    8113
    8600
    8944
    9395
    9937
   10515
   10991
   11393
   12072
   12453
   13318
   13758
   14508
   15283
   15838
   16703
   17121
   17733
   18693
   19129
   19687
   20476
   20930
   20908
   21525
   21924
   22407
   22400
   22453
   22428
   22463
   21993
   22084
   21794
   21379
   21065
   20601
   20095
   19512
   19165
   18430
   17717
   17162
   16463
   15889
   15043
   14509
   13645
   13136
   12540
   12134
   11483
   10724
   10427
   10073
    9525
    9457
    8793
    8438
    8214
    8168
    7701
    7570
    7288
    7033
    6812
    6817
    6736
    6528
    6370
    6407
    6488
    6375
    6269
    6181
    5979
    6165
    6080
    6017
    5953
    5944
    5910
    5803
    5954
    5801
    5756
    5927
    5848
    5738
    5737
    5765
    5863
    5841
    5684
    5660
    5590
    5788
    5676
    5697
    5570
    5802
    5528
    5595
    5565
    5590
    5438
    5489
    5431
    5503
    5499
    5444
    5454
    5495
    5452
    5352
    5496
    5281
    5378
    5360
    5258
    5310
    5391
    5459
    5306
    5347
    5356
    5413
    5332
    5223
    5310
    5370
    5331
    5182
    5287
    5124
    5108
    5095
    5201
    5280
    5127
    5147
    5133
    5009
    5028
    4996
    4872
    5009
    4949
    4898
    4993
    4953
    4823
    4988
    4945
    4807
    5021
    4782
    4877
    4763
    4754
    4762
    4686
    4725
    4638
    4658
    4628
    4646
    4625
    4512
    4524
    4560
    4535
    4408
    4467
    4454
    4498
    4468
    4211
    4298
    4301
    4107
    4216
    4140
    4243
    4161
    3986
    4114
    3913
    4013
    4028
    4100
    3926
    3901
    3863
    3930
    3869
    3856
    3672
    3726
    3732
    3738
    3668
    3688
    3680
    3691
    3667
    3560
    3566
    3582
    3575
    3437
    3493
    3462
    3546
    3413
    3500
    3452
    3398
    3262
    3389
    3377
    3303
    3289
    3409
    3303
    3338
    3247
    3338
    3301
    3221
    3262
    3164
    3243
    3205
    3244
    3192
    3147
    3305
    3219
    3119
    3118
    3244
    3225
    3139
    3193
    3154
    3151
    3227
    3163
    3178
    3356
    3265
    3286
    3230
    3192
    3213
    3279
    3250
    3163
    3368
    3286
    3327
    3253
    3296
    3376
    3435
    3436
    3435
    3535
    3538
    3501
    3572
    3607
    3621
    3665
    3719
    3702
    3764
    3846
    3932
    3770
    3955
    3954
    3955
    3897
    4070
    4069
    4055
    4071
    4138
    3998
    4045
    4130
    4071
    4147
    4137
    4001
    3991
    3967
    4068
    3829
    3902
    3808
    3761
    3697
    3646
    3607
    3615
    3523
    3315
    3345
    3320
    3263
    3191
    3119
    2924
    2973
    2866
    2833
    2679
    2679
    2714
    2591
    2527
    2462
    2396
    2441
    2239
    2221
    2193
    2102
    2206
    2134
    2104
    1977
    2054
    2021
    1867
    1978
    2002
    1966
    1881
    1884
    1818
    1899
    1868
    1901
    1885
    1889
    1820
    1815
    1861
    1812
    1712
    1781
    1736
    1788
    1719
    1768
    1672
    1688
    1674
    1748
    1696
    1767
    1662
    1675
    1700
    1627
    1619
    1690
    1660
    1614
    1652
    1526
    1653
    1560
    1655
    1599
    1542
    1586
    1575
    1597
    1546
    1611
    1484
    1564
    1550
    1503
    1486
    1504
    1538
    1571
    1440
    1515
    1410
    1495
    1496
    1436
    1397
    1449
    1519
    1451
    1391
    1361
    1431
    1381
    1355
    1370
    1413
    1416
    1375
    1287
    1396
    1273
    1348
    1415
    1337
    1370
    1233
    1312
    1285
    1215
    1298
    1277
    1265
    1328
    1222
    1186
    1298
    1249
    1216
    1260
    1105
    1300
    1205
    1250
    1244
    1208
    1258
    1213
    1198
    1182
    1188
    1141
    1194
    1194
    1182
    1145
    1184
    1139
    1160
    1128
    1058
    1105
    1106
    1047
    1073
    1130
    1079
    1074
    1113
    1055
    1080
    1071
    1044
    1054
    1013
     995
    1050
     983
     995
    1074
     981
    1022
    1052
     999
     997
     986
     948
     969
     999
     984
     985
     947
     908
     956
     969
     983
     991
     982
     942
     937
     930
     952
     905
     918
     986
     888
     947
     931
     844
     905
     937
     938
     869
     821
     877
     851
     899
     879
     878
     893
     906
     832
     858
     836
     828
     818
     813
     901
     867
     807
     919
     865
     856
     859
     843
     858
     846
     806
     846
     874
     791
     830
     816
     789
     848
     807
     823
     832
     781
     793
     808
     804
     805
     805
     801
     806
     761
     783
     716
     794
     772
     734
     767
     780
     767
     733
     700
     744
     724
     734
     692
     717
     709
     686
     701
     677
     742
     686
     640
     682
     632
     692
     692
     629
     647
     635
     625
     606
     627
     626
     588
     614
     591
     602
     623
     610
     549
     549
     574
     538
     560
     563
     545
     582
     559
     561
     538
     521
     584
     545
     545
     519
     538
     477
     489
     534
     491
     509
     507
     519
     501
     511
     514
     504
     490
     478
     501
     499
     525
     492
     536
     506
     521
     530
     499
     503
     482
     483
     481
     489
     490
     484
     500
     513
     428
     517
     459
     480
     498
     517
     491
     484
     476
     510
     450
     490
     461
     463
     486
     510
     446
     467
     493
     495
     484
     500
     443
     470
     466
     458
     478
     471
     505
     482
     474
     489
     499
     511
     436
     460
     430
     459
     419
     451
     421
     483
     424
     451
     413
     412
     473
     420
     420
     420
     429
     363
     408
     396
     365
     413
     364
     372
     378
     407
     361
     398
     347
     343
     317
     342
     346
     334
     328
     351
     306
     335
     301
     351
     361
     330
     317
     331
     329
     302
     331
     300
     290
     285
     288
     283
     276
     275
     279
     299
     245
     282
     288
     264
     273
     285
     280
     284
     277
     255
     285
     238
     265
     268
     293
     271
     235
     269
     237
     259
     281
     261
     248
     262
     257
     243
     228
     252
     245
     264
     247
     231
     266
     228
     231
     244
     251
     234
     224
     240
     221
     225
     225
     217
     229
     234
     233
     247
     240
     246
     238
     179
     237
     201
     219
     226
     212
     193
     214
     215
     202
     242
     194
     207
     242
     185
     211
     216
     177
     212
     202
     203
     220
     222
     179
     192
     197
     211
     201
     187
     168
     191
     186
     209
     189
     217
     172
     189
     185
     176
     189
     164
     159
     157
     173
     176
     164
     180
     164
     159
     180
     171
     158
     148
     176
     168
     164
     167
     155
     153
     179
     146
     168
     153
     149
     167
     178
     130
     170
     133
     126
     159
     141
     152
     152
     146
     155
     138
     165
     144
     134
     169
     143
     150
     147
     138
     146
     131
     123
     134
     148
     124
     148
     138
     152
     115
     148
     135
     145
     127
     142
     118
     129
     121
     131
     114
     127
     124
     114
     136
     149
     110
     112
     120
     138
     133
     118
     109
     120
     107
     113
     120
     124
     113
     115
     113
     109
     121
      99
     113
     101
     132
      92
     135
     129
     104
     111
     102
     113
     113
     109
     104
     112
     115
     108
     125
     104
     124
      96
     113
     119
     115
     102
     101
     106
     103
     100
      99
      86
      85
     111
     111
      99
      93
      95
      84
      91
      91
      76
      90
      95
      97
      89
      91
      92
      94
      95
      83
      94
      82
     101
      80
     105
      84
      66
      73
      83
      80
      98
      76
      92
      79
      84
      64
      74
      80
      74
      76
      81
      69
     101
      82
      64
      85
      81
      78
      57
      88
      65
      61
      78
      72
      56
      56
      42
      55
      78
      54
      68
      63
      66
      61
      68
      74
      74
      50
      54
      54
      49
      74
      59
      54
      58
      50
      53
      53
      53
      53
      45
      77
      58
      51
      51
      59
      60
      56
      61
      53
      49
      51
      46
      48
      56
      56
      46
      30
      53
      49
      53
      33
      66
      48
      42
      55
      44
      58
      47
      57
      48
      51
      44
      49
      36
      41
      39
      48
      60
      42
      49
      47
      56
      47
      35
      47
      47
      48
      40
      46
      39
      31
      53
      39
      36
      37
      45
      31
      36
      36
      38
      39
      42
      35
      41
      49
      44
      41
      49
      37
      33
      53
      35
      36
      33
      43
      36
      39
      33
      32
      37
      38
      34
      42
      35
      36
      44
      27
      32
      33
      25
      37
      38
      33
      37
      26
      26
      25
      29
      37
      29
      33
      33
      40
      27
      30
      28
      40
      25
      31
      26
      36
      20
      41
      29
      26
      32
      30
      36
      29
      30
      30
      26
      17
      31
      26
      24
      29
      25
      25
      29
      20
      25
      32
      36
      36
      20
      20
      26
      19
      24
      23
      20
      38
      33
      33
      22
      32
      21
      27
      13
      12
      29
      22
      21
      17
      20
      25
      22
      27
      21
      23
      20
      15
      23
      28
      17
      19
      17
      27
      19
      19
      13
      16
      23
      18
      25
      16
      21
      23
      16
      17
      20
      21
      25
      23
      19
      23
      19
      16
      20
      21
      18
      19
      17
      17
      16
      13
      23
      13
      18
      24
      12
      18
      23
      18
      21
      17
      13
      21
      17
       7
      16
      21
      13
      22
      14
      17
      19
      16
      13
       9
      18
      17
      20
      13
      11
      15
      12
      14
      12
      20
      11
      15
      20
      11
      13
      21
      20
       7
      15
      13
      15
       9
      14
      13
       9
      11
      11
      27
      18
       9
      14
       8
      13
      17
      16
      10
      12
       9
      10
      11
      12
       8
       7
      14
      14
      15
      11
      16
      15
      10
       6
       9
       6
      10
      12
       7
      12
      11
       8
      11
      12
      14
       8
       6
      11
      14
      11
       8
      11
       8
       9
       9
       9
       5
       6
       7
       6
       7
       1
       7
      13
      13
       9
       9
       6
       3
      13
       7
       5
       9
      10
       9
      10
      10
       7
       9
      12
       6
       8
      14
       5
      10
       6
      10
      11
       7
      15
      13
       9
       7
       8
       9
       5
       5
       2
       9
       8
       6
       8
       9
      11
       7
       4
       6
       7
      11
       3
       6
       7
       4
       6
       7
       4
      11
       8
       5
      14
      10
       8
       7
      10
      10
       4
       6
       5
      10
       5
       7
      11
       2
       7
       7
       6
       6
       3
       7
       0
       0
       0
       0
       0
       0
       0
       0
       0
       0
       0
       0
       0
       0
       0
       0
       0
       0
       0
       0
       0
       0
       0
       0
       0
       0
       0
       0
       0
       0
       0
       0
$ROI:
2
249 293
624 683
$PRESETS:
Live Time
10000
0
$ENER_FIT:
-0.035297 0.002109
$MCA_CAL:
3
-3.529670E-002 2.109118E-003 0.000000E+000 MeV
$SHAPE_CAL:
3
1.002652E+001 3.494113E-002 0.000000E+000
