$SPEC_ID:
No sample description was entered.
$SPEC_REM:
DET# 1
DETDESC# DESKTOP-PNQJTCJ Easy-MCA-8k SN 09161357
AP# Maestro Version 7.01
$DATE_MEA:
09/30/2020 11:11:42
$MEAS_TIM:
751 757
$DATA:
0 8191
       0
       0
       0
       0
       0
       0
       0
       0
       0
       0
       0
       0
       0
       0
       0
       0
       0
       0
       0
       0
       0
       0
       0
       0
       0
       0
       0
       0
       0
       0
       0
       0
       0
       0
       0
       0
       0
       0
       0
       0
       0
       0
       0
       0
       0
       0
       0
       0
       0
       0
       0
       0
       0
       0
       0
       0
       0
       0
       0
       0
       0
       0
       0
       0
       0
       0
       0
       0
       0
       0
       0
       0
       0
       0
       0
       0
       0
       0
       0
       0
       0
       0
       0
       0
       0
       0
       0
       0
       0
       0
       0
       0
       0
       0
       0
       0
       0
       0
       0
       0
       0
       0
       0
       0
       0
       0
       0
       0
       0
       0
       0
       0
       0
       0
       0
       0
       0
       0
       0
       0
       0
       0
       0
       0
       0
       0
       0
       0
       0
       0
       0
       0
       0
       0
       0
       0
       0
       0
       0
       0
       0
       0
       0
       0
       0
       0
       0
       0
       0
       0
       0
       0
       0
       0
       0
       0
       0
       0
       0
       0
       0
       0
       0
       0
       0
       0
       0
       0
       0
       0
       0
       0
       0
       0
       0
       0
       0
       0
       0
       0
       0
       0
       0
       0
       0
       0
       0
       0
       0
       0
       0
       2
       5
      11
      14
      23
      33
      54
     270
     438
     425
     467
     401
     457
     466
     492
     490
     410
     416
     466
     470
     603
     617
     569
     466
     446
     439
     499
     726
     821
     553
     444
     425
     390
     427
     509
     847
     978
     784
     450
     431
     420
     383
     392
     388
     385
     375
     378
     405
     363
     386
     415
     412
     397
     371
     384
     352
     380
     375
     372
     386
     342
     368
     411
     426
     487
     532
     575
     473
     404
     383
     419
     358
     416
     449
     396
     366
     367
     339
     328
     349
     364
     327
     340
     334
     345
     322
     348
     328
     344
     359
     354
     304
     320
     362
     353
     296
     342
     329
     328
     353
     346
     360
     338
     302
     352
     340
     366
     326
     305
     324
     352
     351
     340
     357
     336
     316
     339
     341
     315
     318
     317
     344
     318
     355
     357
     333
     303
     295
     322
     326
     310
     293
     310
     310
     308
     280
     259
     299
     271
     303
     294
     289
     252
     309
     298
     315
     295
     272
     294
     266
     310
     303
     281
     259
     270
     256
     285
     289
     294
     291
     273
     250
     263
     247
     238
     266
     262
     257
     268
     245
     278
     277
     277
     284
     245
     287
     257
     232
     254
     277
     244
     241
     245
     249
     259
     228
     262
     238
     256
     273
     260
     231
     236
     218
     242
     223
     194
     179
     245
     229
     202
     231
     221
     224
     216
     218
     207
     212
     228
     211
     223
     227
     220
     197
     245
     213
     210
     200
     200
     215
     184
     203
     181
     206
     239
     244
     236
     205
     220
     229
     211
     208
     173
     214
     224
     201
     196
     209
     217
     210
     205
     207
     211
     222
     187
     217
     238
     216
     209
     208
     177
     195
     232
     195
     215
     170
     213
     191
     176
     203
     192
     196
     228
     197
     207
     168
     183
     172
     187
     196
     193
     182
     173
     191
     181
     183
     165
     154
     147
     168
     171
     183
     173
     161
     162
     161
     178
     159
     179
     147
     153
     164
     170
     172
     158
     174
     184
     168
     174
     166
     175
     170
     179
     162
     157
     175
     165
     164
     155
     157
     176
     169
     160
     173
     158
     166
     159
     168
     166
     198
     267
     242
     172
     160
     169
     164
     139
     163
     145
     173
     146
     126
     152
     146
     147
     150
     160
     162
     147
     146
     155
     132
     138
     153
     140
     142
     118
     155
     118
     138
     146
     132
     143
     140
     157
     141
     155
     138
     143
     149
     139
     127
     119
     158
     138
     131
     109
     119
     119
     128
     141
     121
     115
     135
     121
     128
     141
     130
     136
     116
     111
     117
     132
     131
     123
     122
     125
     131
     123
     149
     264
     870
    1525
    1261
     483
     180
     112
     216
     250
     216
     155
     120
     105
     106
     110
     106
     111
     101
     112
     118
     110
      90
     104
     113
      98
      89
      95
      84
      93
      92
     122
      98
     118
      99
      91
     105
     108
     115
      91
      97
      97
     102
      92
     107
      86
     102
      91
      98
      99
      76
      75
      80
      94
      85
      74
      85
      97
      82
      97
      92
     104
      87
      88
      90
      79
      85
      93
      88
      76
      85
      90
      84
      84
      85
      92
      82
      98
      92
     124
     187
     169
     117
     101
      81
      76
      72
      70
      84
     102
      84
      93
      81
      86
      87
      80
     101
     118
     155
     138
      99
      97
      93
     101
      70
      84
      71
      80
      81
      96
      78
      91
      80
      74
      93
      86
      62
      66
      83
      88
      75
      83
      84
      77
      98
      90
      85
      87
      77
      76
      74
      65
      76
      77
      73
      76
      66
      68
      72
      76
      66
      87
     151
     127
      66
      81
      67
      84
      69
      73
      71
      83
     105
     163
     167
     147
      75
      76
      72
      75
      73
      65
      68
      88
      64
      90
      65
      59
      61
      78
      56
      61
      54
      66
      59
      65
      63
      83
      66
      78
      53
      50
      68
      56
      70
      60
      86
      67
      67
      77
      61
      68
      76
      66
      43
      52
      64
      75
      62
      64
      67
      64
      57
      68
      59
      66
      79
      73
      69
      69
      76
      68
      74
      62
      71
      56
      49
      58
      58
      65
      74
     140
     162
     124
      93
      63
      55
      59
      60
      56
      57
      70
      50
      76
      79
      62
      67
      65
      47
      67
      65
      58
      49
      51
      70
      90
     197
     393
     383
     187
      85
      75
      61
      58
      75
      65
      60
      54
      63
      53
      49
      50
      52
      72
      47
      49
      63
      60
      50
      55
      61
      66
      56
      53
      56
      40
      48
      56
      62
      80
     130
     150
     124
      69
      57
      53
      42
      55
      62
      67
      56
      50
      51
      51
      42
      47
      72
      46
      61
      51
      51
      52
      57
      50
      59
      56
      50
      48
      49
      58
      58
      51
      37
      50
      50
      47
      53
      38
      54
      51
      46
      43
      54
      55
      44
      40
      49
      58
      41
      41
      54
      47
      53
      45
      52
      57
      41
      46
      45
      53
      48
      47
      47
      44
      48
      47
      46
      35
      53
      44
      52
      51
      51
      51
      45
      42
      44
      42
      52
      52
      43
      48
      51
      45
      40
      41
      53
      43
      47
      47
      50
      54
      44
      57
      43
      59
      58
      45
      40
      49
      55
      47
      42
      47
      46
      46
      42
      45
      56
      49
      56
      50
      42
      44
      48
      38
      38
      41
      49
      49
      41
      53
      50
      50
      45
      45
      43
      44
      41
      50
      54
      40
      45
      57
      46
      45
      45
      38
      38
      49
      49
      67
     108
      70
      47
      38
      48
      36
      45
      34
      42
      42
      33
      32
      40
      40
      30
      35
      44
      39
      30
      57
      39
      42
      45
      31
      50
      38
      35
      47
      45
      29
      35
      32
      42
      45
      42
      38
      34
      42
      34
      32
      44
      31
      40
      36
      38
      27
      43
      40
      44
      34
      40
      36
      24
      39
      37
      39
      33
      32
      42
      34
      34
      41
      33
      47
      29
      41
      45
      36
      33
      42
      35
      40
      37
      34
      39
      39
      43
      32
      32
      41
      37
      27
      35
      29
      34
      34
      39
      35
      35
      37
      31
      23
      31
      37
      23
      36
      45
      33
      23
      41
      25
      32
      27
      40
      45
      42
      59
      42
      33
      27
      32
      23
      32
      37
      37
      25
      38
      42
      34
      29
      38
      38
      32
      50
      35
      33
      26
      39
      35
      54
     103
     131
     107
      62
      34
      26
      37
      45
      24
      29
      28
      33
      30
      32
      30
      25
      38
      21
      25
      34
      30
      36
      38
      42
      29
      32
      34
      33
      34
      42
      33
      29
      38
      32
      39
      26
      26
      26
      42
      31
      49
      42
      32
      23
      36
      16
      41
      36
      31
      27
      32
      23
      33
      31
      28
      27
      31
      28
      30
      27
      40
      30
      28
      25
      27
      38
      30
      25
      23
      29
      20
      29
      26
      24
      28
      35
      20
      30
      29
      29
      28
      34
      30
      35
      28
      29
      30
      23
      39
      21
      24
      30
      23
      37
      33
      27
      31
      30
      29
      26
      24
      40
      32
      35
      32
      32
      14
      31
      38
      42
      32
      28
      44
      32
      52
      63
     106
     167
     205
     194
     103
      36
      37
      32
      37
      32
      36
      28
      35
      35
      38
      30
      22
      31
      31
      19
      29
      22
      21
      26
      33
      31
      38
      33
      36
      25
      37
      36
      38
      38
      37
      26
      25
      30
      31
      17
      26
      29
      25
      28
      27
      25
      23
      27
      23
      31
      28
      28
      20
      27
      25
      26
      41
      23
      24
      28
      19
      20
      22
      24
      31
      31
      26
      39
      31
      34
      22
      28
      29
      31
      29
      39
      31
      31
      16
      35
      26
      36
      26
      25
      31
      17
      28
      28
      20
      31
      33
      30
      20
      23
      23
      24
      29
      26
      36
      25
      28
      27
      23
      30
      33
      28
      24
      23
      25
      18
      23
      24
      25
      21
      18
      25
      29
      25
      19
      25
      24
      23
      25
      21
      32
      31
      33
      29
      29
      51
      31
      39
      32
      30
      37
      17
      25
      29
      25
      15
      22
      30
      22
      24
      24
      24
      29
      21
      42
      31
      30
      25
      17
      38
      32
      26
      23
      25
      25
      16
      24
      28
      22
      24
      38
      19
      26
      29
      31
      20
      24
      25
      20
      26
      37
      43
      46
     128
     360
     548
     588
     340
     151
      55
      31
      31
      21
      24
      27
      23
      22
      16
      21
      21
      16
      25
      18
      18
      24
      27
      20
      21
      24
      13
      21
      24
      22
      15
      18
      23
      28
      29
      32
      28
      19
      23
      23
      24
      24
      28
      30
      23
      14
      25
      21
      25
      16
      16
      24
      23
      21
      36
      26
      21
      26
      29
      19
      25
      10
      28
      32
      41
      83
      79
      82
      68
      31
      30
      21
      30
      24
      29
      28
      21
      20
      23
      18
      22
      11
      30
      24
      22
      18
      20
      28
      19
      27
      20
      19
      19
      24
      24
      26
      18
      29
      18
      22
      22
      15
      18
      23
      13
      13
      17
      23
      31
      18
      20
      17
      23
      29
      23
      27
      27
      13
      21
      18
      21
      25
      18
      17
      12
      24
      25
      16
      25
      19
      18
      21
      20
      23
      26
      26
      20
       9
      16
      19
      15
      29
      23
      19
      21
      24
      23
      25
      33
      26
      13
      25
      22
      24
      13
      24
      24
      25
      20
      27
      16
      14
      29
      24
      24
      24
      23
      20
      21
      23
      21
      22
      18
      24
      11
      20
      20
      13
      22
      21
      21
      20
      29
      26
      15
      18
      24
      23
      18
      28
      23
      22
      25
      38
      63
      60
      58
      33
      21
      22
      20
      26
      14
      17
      22
      20
      25
      19
      15
      11
      20
      22
      16
      19
      26
      27
      18
      21
      24
      30
      24
      24
      11
      23
      16
      25
      23
      20
      27
      24
      17
      23
      23
      23
      28
      17
      20
      26
      18
      29
      18
      15
      18
      28
      24
      23
      25
      22
      20
      29
      16
      14
      18
      16
      26
      23
      24
      25
      14
      32
      27
      16
      22
      16
      19
      27
      17
      21
      21
      17
      24
      21
      18
      22
      16
      19
      18
      16
      18
      25
      21
      22
      18
      17
      22
      18
      18
      10
      14
      17
      18
      22
      24
      24
      24
      29
      15
      15
      15
      32
      21
      17
      27
      18
      18
      15
      21
      24
      21
      22
      23
      31
      23
      20
      17
      23
      25
      15
      17
      32
      25
      21
      22
      18
      25
      17
      23
      19
      17
      18
      12
      18
      11
      20
      20
      11
      14
      22
      25
      14
      22
      20
      14
      13
      19
      18
      13
      15
      14
      20
      14
      19
      18
      47
      83
     133
     118
      94
      48
      25
      24
      12
      12
      16
      28
      26
      15
      18
      15
      18
      23
      13
      10
      16
      13
      19
      16
      14
      14
      16
      19
      11
      17
      14
      21
      21
      16
      12
      15
      15
       9
      12
      20
      16
      17
      15
      16
      13
      13
      19
      18
      17
       8
      15
      22
      25
      19
      22
       7
      20
      10
      11
      19
      12
      15
      13
       8
      12
      19
      11
      21
      15
      25
      17
      30
      25
      23
      16
      19
      22
      27
      22
      13
      16
      14
      11
       9
      24
      15
      16
      12
      18
      19
      27
      25
      30
      14
      24
      17
      12
      15
      16
      11
      13
      22
      13
      19
      16
      24
      12
      11
      13
       9
      20
      20
      34
      38
      39
      20
      14
      13
      16
      21
      11
       9
      11
      13
       9
      11
      15
      11
       9
      10
      20
      10
      15
       8
      15
      17
      15
      21
      31
      16
      10
      14
       9
      20
      22
      33
      19
      25
      15
      14
      15
      14
      14
      10
      16
      18
      11
      13
      11
      18
      20
      14
       9
      17
       8
      19
      32
      65
      83
      56
      47
      26
      20
      16
       8
      16
       6
      13
       9
       9
      13
       8
      16
      10
      12
       8
      21
      10
      12
      11
      11
      12
      16
      14
       8
      17
      13
       7
       8
      11
       7
       4
       7
       8
      16
      15
      17
       7
      10
       6
      15
       5
       8
       5
       6
       9
      14
      13
       6
       9
      14
       5
       8
      12
      11
      14
       8
      11
       6
       7
      11
       5
      14
       6
      17
       7
      20
       3
      10
      12
       8
       8
      11
      13
      11
       9
       7
       6
       8
       5
       9
      16
       9
      10
      14
      13
      23
      17
      10
       7
      19
       6
      11
      10
       2
      11
      20
      25
      32
      27
      26
      17
       4
       7
       7
       6
      11
      15
       8
      23
      22
      12
      15
       7
      11
       6
       7
      11
       7
      13
      10
       6
      12
      10
      12
      14
       9
       9
       9
      12
      16
      10
       5
       5
      10
       9
       8
       4
       7
       8
      11
       8
       5
      13
      11
       9
       8
      11
       7
      10
       8
       4
      14
      10
      10
       9
      13
      27
      39
      57
      57
      36
      16
      10
      11
       9
       9
       7
       6
       4
       8
      10
      15
       7
      14
       8
       9
       6
      10
      12
       6
       8
       7
       6
      12
      15
       9
      11
       8
      10
       9
       4
       8
       9
       6
      10
       5
       9
       5
      11
       6
       8
       7
       8
      14
       5
       4
      12
      11
      12
       8
       4
      10
      11
      10
      12
       7
      12
      10
       9
       3
       6
       5
      10
       6
      10
       6
       4
       6
      10
       3
       9
       7
       8
       4
       7
       6
      10
      10
       8
      15
      12
       8
       6
       8
       6
       6
       2
       5
      14
       8
       8
       8
       7
       6
      12
      12
       0
       4
       7
      13
       9
       5
      12
      15
      20
      16
      11
      17
       9
      10
       5
       7
       5
       3
       7
       3
      12
       9
      21
      52
     121
     250
     302
     289
     199
      79
      22
      12
       5
       7
       9
      10
       5
       6
       8
       5
       6
       4
       6
       4
       8
      12
       4
       5
       8
       7
       8
       7
      13
       5
       8
       8
       4
       5
       6
       5
       5
       8
       7
       6
       8
       4
       3
       9
      10
       4
       8
       6
      10
       5
       7
       7
       8
       5
       7
       7
       4
       7
       7
       8
       6
       6
       3
       8
       6
       7
       7
       4
       9
       7
       6
       6
       9
       8
       4
       4
       9
       7
       4
       8
       9
      10
       8
       8
      13
       8
       7
      10
       3
       7
       6
       7
      10
       5
       7
      11
       5
       6
       7
       7
       8
      10
      10
      11
       6
       3
      10
       3
      13
       6
       3
       9
       2
       5
       9
       7
       9
      16
      13
       9
       7
      10
       3
       7
       5
       6
       6
       6
      10
       5
      19
      36
      39
      76
      85
      52
      22
      13
      12
      18
      22
      56
     104
     186
     203
     166
      71
      40
      12
       8
       8
      10
       3
       4
       5
       4
       4
      10
       3
       6
       5
       9
       7
      10
       5
       9
       5
       5
       6
      10
      11
       8
       7
       3
       4
       8
       2
       9
       5
       9
       8
       9
       4
       6
       3
       6
       3
       4
       6
       9
      11
       8
      10
       7
       6
       3
       8
       5
      11
       6
       4
       8
       4
       6
      10
       6
       5
       4
       5
       3
       8
       8
       3
       2
      12
       7
      10
      12
       3
      12
       2
       9
       9
       7
       6
       4
       9
       6
       3
       6
      10
      11
       4
       8
       2
       7
       3
       3
       5
       7
       6
       9
       2
       6
       2
       1
       7
       6
       4
       6
       4
       5
       5
       7
       7
      12
       9
       3
       9
      10
       1
       9
       8
       7
       4
      11
       5
       9
       8
       5
       4
       6
       3
       7
       2
       5
       5
       6
       7
       6
      10
       7
       6
       1
       4
       6
       8
       7
       4
       5
       5
       5
       3
       4
       7
      13
       5
       2
      10
       6
       7
       6
      14
       4
       6
       4
       1
       7
       7
       5
       9
       7
       6
      12
       7
       8
      10
       9
       8
       8
       6
       4
       6
       7
       4
       9
       6
       4
       5
       4
       4
       8
       6
       7
       5
       7
       4
       7
       2
       9
       6
       5
       2
       9
       7
       7
       4
       7
       4
       7
       5
      11
       5
       4
       7
       4
      10
       8
       5
       5
       6
       7
       4
       6
       4
       5
      16
       4
       3
       7
       6
       6
       6
       5
      10
       6
       7
       8
      10
       3
       7
       5
       6
       8
      10
       9
       3
       3
       5
       6
      11
      10
       7
       5
       4
       4
       8
       8
       4
       7
       6
       5
       7
       3
       5
       4
       3
       8
       2
       6
       9
      10
      11
      10
      15
       7
       7
       5
       6
       6
       4
      10
       5
       6
      11
       4
       5
       6
       6
       3
       4
       2
       4
       7
       7
       8
       5
       3
       6
       5
       3
       3
       8
       5
       1
       7
       8
       7
       6
       9
      10
      11
      11
       9
       8
       5
       8
       7
       7
       5
       8
       2
       8
       7
       8
       5
       8
       5
       7
       4
       5
       4
      10
       4
       5
       2
       4
       5
       1
       7
       4
       2
       8
       5
       8
       6
       8
       6
       7
       8
       6
       8
       9
       9
      13
       4
       6
       3
       7
       3
       8
      12
      14
       5
      14
       8
       6
      11
       7
       2
      15
       5
      11
      14
      10
      15
      14
       8
       9
       5
       8
       6
       8
       5
       8
       3
       6
       9
       4
       6
       8
       2
       4
       5
       4
       5
       6
       7
       9
      11
       4
       4
      13
       9
       7
       9
       7
       7
       4
       4
       6
       7
       5
       5
       8
       8
       8
       4
       4
       6
       6
       8
       4
       9
       7
       8
       5
       5
       6
       5
       5
       1
       2
       5
      10
       6
       6
       6
       5
       5
       5
       7
       9
       7
       8
       6
       9
       4
       2
       6
       5
      10
       9
       5
       8
       8
       8
       9
      13
       9
      10
       7
       7
       3
       8
       9
       9
       6
       8
       5
       6
       5
       5
       5
       1
       6
       4
       6
       3
      10
       7
       6
      13
       8
       6
       3
       4
       5
       3
       7
       9
       8
       6
       3
       7
      14
       5
       3
      10
       7
       4
       6
      11
       8
       1
       2
       6
       8
       8
       6
       9
       5
       5
       2
       5
       7
       5
       6
       7
       6
       6
       9
       7
       9
       7
       9
       6
       9
       7
       5
       7
       5
      11
       6
       4
       5
       8
      11
       7
       4
       5
       4
       5
       5
       3
      10
       6
       5
       2
       5
       8
       6
       3
      12
       6
       6
       8
       5
       4
      11
       5
       3
       7
      10
       5
       7
       9
      10
       5
       7
       4
       7
       8
       9
       4
       0
       5
       6
       7
       5
       8
       5
       4
       4
      10
       5
       5
       2
       9
       7
       6
      12
       3
       4
       6
       5
       5
       5
       8
       7
       8
       6
      12
      10
       5
       8
       7
       3
       5
       4
       3
       9
       7
      13
       5
       3
       7
       7
       3
       8
       8
      10
       9
       3
       6
      10
       9
      11
       5
       4
       4
       6
       5
       7
       5
       5
       5
       4
       8
       4
       7
       6
      13
      11
       4
      11
       7
       3
       3
       9
       8
       7
       8
       4
       3
       3
      11
       6
       6
       5
       8
      13
      12
      16
      14
       6
       6
       5
       4
       6
       7
       8
       5
       9
      11
       6
       2
       3
       7
       8
       4
       7
       9
      12
       9
      13
      13
       5
      11
       5
       6
       7
       7
       6
       7
       7
       2
      12
       6
       5
      10
      10
       7
       6
       4
       3
       8
       7
       2
       9
       3
       3
       3
       5
      10
       5
       7
       4
       3
       5
       5
       2
       5
       3
       4
       4
       1
       4
       1
       4
       7
       7
       3
       8
       4
       5
       3
       5
       5
       4
       9
       6
       4
       0
       6
       1
       6
       3
       7
       5
       5
       8
       5
       7
       2
       8
       3
       8
       5
       6
      10
       3
       6
       7
       4
       8
       4
       2
       7
       5
       6
       4
       3
       7
       6
       7
       2
       5
       4
       7
       8
       7
       4
       7
       9
       2
       8
       3
       1
       7
       3
       8
       5
       6
       6
       4
       5
       3
       3
       4
       5
       5
       7
       5
       1
       2
       8
       5
      12
       1
       8
       5
      11
       6
       1
       4
       4
       4
       3
       8
       4
       4
       8
       5
       7
       5
      10
       6
       6
       6
       5
       5
       6
       6
       4
       8
       4
       8
       9
       7
       4
       1
       9
       5
       4
       1
       2
       5
       4
       5
       4
       3
       7
       5
       4
       3
       3
      10
       4
       6
       2
       3
       3
       5
       1
       2
       3
       5
       1
       2
       8
       3
       1
       6
       9
       3
       5
       3
       5
       6
       3
       4
       3
       2
       6
       2
       6
       2
       2
       2
       5
       3
       4
       3
       3
       2
       2
       2
       5
       1
       5
       2
       4
       2
       3
       4
       3
       3
       2
       8
       3
       2
       6
       3
       2
       4
       3
       2
       7
       4
       3
       2
       2
       2
       6
       0
       2
       4
       2
       4
       4
       4
       4
       4
       6
       4
       2
       2
       3
       3
       4
       2
       0
       6
       4
       5
       3
       1
       2
       7
       2
       2
       5
       5
       4
       6
       6
       6
       4
       4
       2
       0
       1
       4
       8
       4
       2
       3
       4
       4
       3
       2
       3
       9
       5
       8
       1
       6
       4
       3
       5
       3
       3
       3
       3
       5
       3
       2
       2
       3
       4
       3
       2
       6
       5
       1
       3
       7
       1
       3
       3
       1
       5
       8
      14
       3
       5
       5
       5
       3
       0
       4
       6
       3
       2
       4
       4
       2
       3
       2
       2
       7
       4
       4
       4
       4
       6
       3
       2
       3
       6
       4
       3
       4
       2
       5
       1
       2
       2
       4
       3
       5
       4
       5
       3
       2
       5
       2
       4
       2
       1
       4
       4
       3
       2
       3
       4
       4
       3
       2
       5
       1
       7
       3
       7
       3
       4
       2
       7
       3
       4
       2
       2
       6
       4
       4
       6
       3
      10
       7
       4
       3
       4
       5
       1
       5
       0
       4
       3
       5
       4
       2
       1
       3
       1
       4
       1
       3
       3
       6
       5
       4
       6
       1
       2
       4
       0
       5
       3
       3
       1
       2
       2
       4
       3
       0
       4
       3
       1
       3
       2
       1
       3
       1
       5
       1
       2
       4
       4
       1
       3
       2
       5
       2
       3
       2
       4
       3
       4
       2
       5
       7
       1
       2
       1
       3
       3
       2
       1
       6
       2
       5
       2
       2
       3
       1
       2
       1
       3
       1
       3
       3
       3
       3
       1
       8
       0
       0
       6
       4
       1
       2
       1
       6
       2
       4
       1
       3
       2
       2
       1
       0
       3
       4
       4
       4
       2
       2
       5
       7
       2
       4
       2
       2
       2
       3
       7
       5
       1
       2
       1
       9
       6
       8
      14
      34
      66
      98
     128
     137
      89
      65
      41
      11
       5
       1
       1
       5
       3
       2
       5
       2
       5
       3
       3
       2
       1
       5
       0
       1
       0
       7
       2
       0
       1
       3
       6
       1
       2
       3
       2
       4
       2
       0
       3
       4
       2
       1
       0
       3
       3
       2
       1
       0
       2
       1
       3
       1
       4
       2
       3
       1
       2
       1
       1
       3
       1
       6
       2
       1
       5
       1
       3
       3
       0
       1
       1
       3
       4
       1
       1
       2
       1
       3
       3
       2
       2
       2
       3
       3
       4
       2
      11
       4
      12
       8
       3
       6
       2
       3
       2
       5
       2
       3
       2
       2
       4
       5
      10
       5
       8
       2
       1
       0
       7
       2
       2
       0
       2
       1
       1
       3
       2
       0
       4
       3
       5
       1
       6
       2
       3
       2
       3
       3
       5
       4
       4
       5
       1
       0
       1
       1
       1
       2
       4
       2
       3
       4
       0
       2
       3
       1
       1
       2
       3
       0
       1
       0
       2
       3
       4
       1
       3
       2
       2
       1
       1
       0
       3
       2
       4
       1
       4
       0
       0
       3
       0
       2
       4
       1
       2
       2
       2
       5
       4
       1
       3
       1
       5
       6
       3
       6
       5
       1
       2
       3
       5
       1
       0
       2
       2
       4
       4
       4
       4
       1
       2
       3
       0
       4
       2
       3
       1
       1
       2
       2
       2
       1
       3
       3
       1
       3
       1
       2
       1
       1
       1
       0
       3
       2
       1
       2
       3
       1
       3
       3
       3
       1
       2
       2
       1
       3
       1
       4
       5
       7
       3
       3
       7
       3
       1
       1
       3
       0
       5
       2
       1
       2
       3
       3
       1
       4
       3
       1
       0
       0
       1
       1
       4
       1
       2
       1
       1
       1
       2
       3
       1
       3
       3
       3
       0
       2
       1
       1
       5
       1
       5
       2
       1
       0
       1
       3
       1
       1
       3
       3
       3
       1
       2
       3
       3
       7
       2
       3
       4
       2
       2
       2
       2
       2
       4
       2
       2
       4
       6
       2
       5
       6
       8
      19
      18
      20
      17
      16
       7
       6
       0
       9
      16
      14
      25
      34
      22
      21
      21
       6
       5
       4
       4
       2
       3
       2
       1
       3
       2
       4
       1
       3
       3
       3
       4
       6
       0
       2
       2
       2
       2
       2
       2
       5
       1
       3
       1
       2
       4
       1
       2
       1
       1
       6
       2
       1
       0
       5
       1
       2
       2
       4
       1
       3
       0
       2
       0
       3
       2
       3
       1
       1
       3
       1
       4
       3
       3
       1
       2
       3
       3
       5
       8
      10
       9
       9
       6
       6
       6
       4
       5
       3
       2
       3
       5
       2
       2
       5
       2
       2
       1
       1
       3
       3
       5
       2
       8
      16
      11
      11
      11
       7
       3
       4
       3
       2
       4
       2
       4
       3
       5
       1
       4
       1
       4
       3
       5
       4
       1
       6
       8
       3
       2
       0
       0
       2
       2
       2
       2
       1
       1
       1
       4
       2
       4
       0
       0
       0
       1
       1
       0
       1
       3
       1
       2
       2
       2
       4
       2
       2
       2
       3
       3
       5
       1
       3
       1
       2
       2
       1
       2
       0
       2
       1
       6
       2
       3
       2
       1
       1
       0
       0
       3
       3
       1
       7
       1
       2
       2
       2
       4
       1
       1
       2
       2
       0
       1
       4
       2
       2
       1
       1
       3
       4
       1
       2
       1
       1
       4
       0
       1
       3
       3
       3
       2
       4
       3
       4
       3
       5
       2
       2
       5
       2
       1
       2
       2
       3
       1
       1
       2
       1
       2
       0
       1
       2
       2
       1
       2
       2
       2
       2
       3
       0
       5
       1
       4
       1
       2
       1
       2
       2
       0
       3
       1
       1
       3
       5
       0
       1
       2
       0
       0
       3
       0
       1
       2
       3
       3
       2
       3
       2
       3
       3
       1
       0
       2
       2
       1
       3
       0
       1
       0
       1
       3
       2
       3
       2
       2
       2
       1
       2
       0
       0
       1
       2
       3
       1
       1
       1
       2
       5
       0
       2
       3
       1
       4
       3
       1
       1
       0
       4
       1
       2
       0
       2
       2
       3
       1
       5
       2
       0
       3
       0
       6
       3
       3
       0
       0
       0
       3
       3
       4
       0
       1
       1
       5
       3
       0
       1
       1
       0
       1
       3
       2
       4
       2
       3
       1
       2
       1
       5
       3
       1
       1
       2
       0
       0
       1
       4
       5
       2
       2
       1
       0
       3
       1
       2
       1
       3
       3
       1
       2
       1
       9
       1
       4
       1
       1
       3
       2
       3
       2
       2
       2
       3
       2
       1
       1
       0
       1
       1
       1
       2
       2
       3
       5
       0
       2
       2
       2
       1
       3
       2
       0
       0
       2
       4
       2
       4
       3
       0
       4
       2
       0
       1
       1
       0
       2
       1
       2
       5
       2
       0
       2
       0
       1
       4
       2
       4
       4
       4
       3
       6
       5
      11
      11
      21
       9
       7
       3
       2
       2
       2
       1
       0
       1
       1
       4
       3
       2
       2
       0
       3
       1
       2
       0
       0
       1
       1
       3
       0
       3
       2
       1
       1
       3
       0
       2
       1
       1
       2
       1
       2
       3
       2
       2
       2
       4
       0
       1
       0
       1
       2
       0
       1
       0
       3
       1
       1
       2
       1
       2
       1
       5
       0
       2
       1
       1
       0
       3
       0
       1
       1
       0
       3
       0
       3
       1
       0
       2
       4
       3
       1
       2
       1
       1
       0
       4
       2
       4
       2
       2
       1
       1
       0
       3
       3
       4
       3
       5
       3
       2
       1
       3
       1
       1
       0
       5
       2
       4
       3
       2
       2
       2
       0
       2
       2
       4
       0
       3
       2
       1
       3
       1
       2
       1
       2
       3
       1
       2
       2
       2
       2
       0
       1
       1
       2
       0
       4
       2
       5
       0
       1
       0
       2
       2
       0
       3
       2
       0
       2
       2
       1
       0
       0
       2
       2
       1
       1
       0
       0
       1
       1
       1
       5
       0
       0
       3
       4
       1
       1
       1
       1
       2
       0
       8
       4
       0
       3
       4
       3
       2
       2
       2
       1
       3
       1
       4
       0
       0
       2
       1
       6
       3
       2
       0
       5
       3
       5
       0
       4
       4
       1
       1
       2
       1
       2
       0
       4
       4
       2
       2
       2
       1
       2
       1
       2
       0
       2
       2
       1
       3
       4
       2
       3
       0
       5
       1
       4
       1
       1
       0
       1
       2
       1
       4
       2
       4
       1
       3
       1
       4
       3
       2
       2
       2
       2
       1
       2
       1
       1
       4
       3
       2
       0
       3
       1
       2
       2
       1
       2
       1
       3
       1
       4
       1
       0
       0
       3
       1
       0
       3
       2
       1
       1
       3
       2
       1
       2
       1
       1
       7
       2
       3
       5
       5
       3
       3
       2
       1
       3
       2
       2
       0
       4
       6
       2
       2
       3
       1
       3
       2
       2
       3
       1
       2
       1
       0
       2
       1
       2
       1
       0
       4
       1
       4
       1
       1
       1
       0
       3
       3
       3
       3
       0
       1
       1
       2
       1
       2
       0
       2
       1
       4
       2
       3
       2
       1
       6
       2
       3
       0
       1
       1
       1
       0
       0
       3
       1
       1
       4
       0
       2
       1
       1
       1
       1
       3
       0
       2
       2
       1
       2
       4
       7
       1
       2
       2
       4
       2
       6
       1
       5
       5
       3
       3
       1
       2
       3
       1
       3
       1
       2
       2
       0
       4
       2
       1
       4
       2
       2
       2
       0
       2
       0
       3
       2
       2
       2
       5
       1
       3
       0
       2
       4
       1
       2
       1
       5
       3
       3
       1
       1
       2
       3
       2
       0
       1
       2
       2
       1
       1
       2
       3
       2
       8
       1
       2
       2
       3
       2
       2
       2
       1
       0
       1
       1
       0
       3
       4
       2
       1
       0
       4
       1
       2
       1
       4
       5
       2
       0
       6
       2
       0
       2
       3
       1
       2
       1
       2
       2
       2
       2
       2
       1
       1
       1
       4
       2
       5
       2
       2
       1
       3
       1
       3
       1
       1
       4
       1
       1
       0
       4
       0
       0
       2
       0
       4
       2
       1
       2
       3
       3
       1
       0
       3
       2
       1
       0
       4
       1
       4
       1
       1
       3
       0
       2
       2
       2
       4
       0
       6
       2
       2
       2
       2
       2
       1
       0
       1
       1
       1
       2
       3
       0
       1
       0
       3
       2
       2
       1
       3
       1
       3
       1
       2
       7
       4
       1
       1
       0
       3
       3
       3
       0
       3
       1
       3
       2
       3
       3
       2
       1
       0
       4
       3
       2
       2
       1
       0
       0
       1
       3
       4
       1
       0
       3
       2
       4
       1
       1
       3
       1
       3
       2
       2
       1
       5
       2
       0
       2
       1
       3
       1
       1
       2
       0
       5
       1
       5
       2
       1
       3
       4
       4
       2
       3
       2
       3
       2
       1
       1
       2
       1
       1
       1
       2
       5
       0
       3
       1
       6
       1
       4
       1
       1
       1
       2
       0
       0
       3
       1
       0
       2
       1
       5
       0
       1
       1
       5
       4
       0
       1
       2
       2
       1
       4
       4
       2
       2
       2
       3
       2
       4
       2
       2
       1
       4
       1
       5
       1
       1
       3
       3
       2
       3
       2
       3
       3
       1
       2
       1
       2
       3
       3
       5
       3
       1
       2
       2
       1
       2
       1
       1
       4
       2
       3
       2
       3
       3
       3
       4
       1
       2
       3
       2
       1
       5
       2
       0
       4
       1
       2
       1
       0
       3
       2
       1
       0
       2
       5
       1
       1
       5
       3
       3
       1
       2
       3
       1
       4
       3
       2
       1
       0
       2
       0
       1
       3
       2
       4
       2
       2
       1
       1
       3
       0
       4
       0
       4
       2
       3
       3
       1
       0
       1
       2
       1
       4
       2
       2
       3
       0
       1
       2
       2
       2
       1
       1
       3
       2
       2
       1
       1
       3
       1
       2
       0
       1
       0
       3
       0
       6
       2
       3
       2
       0
       2
       0
       2
       1
       2
       3
       0
       1
       1
       2
       2
       1
       2
       1
       3
       3
       3
       4
       1
       0
       1
       5
       1
       3
       1
       2
       1
       2
       1
       1
       0
       0
       0
       3
       4
       6
       5
       0
       3
       4
       1
       2
       3
       3
       1
       3
       2
       1
       2
       1
       1
       1
       1
       0
       2
       3
       5
       2
       1
       0
       0
       4
       3
       9
       6
      12
      12
      16
      17
      18
      12
      13
       9
       4
       8
       8
       5
       1
       7
       4
       2
       1
       3
       5
       0
       0
       0
       0
       1
       5
       1
       3
       1
       2
       7
       1
       3
       4
       0
       2
       2
       1
       3
       3
       2
       3
       4
       2
       4
       1
       6
       1
       4
       4
       2
       1
       1
       2
       0
       2
       0
       2
       5
       1
       3
       2
       2
       3
       3
       5
       1
       1
       5
       3
       2
       2
       2
       2
       2
       0
       7
       1
       2
       4
       2
       1
       1
       4
       2
       3
       0
       2
       2
       4
       3
       1
       1
       3
       1
       0
       0
       3
       4
       3
       1
       4
       2
       0
       3
       1
       1
       3
       1
       1
       4
       2
       0
       3
       4
       2
       0
       0
       3
       1
       4
       3
       4
       2
       4
       4
       4
       3
       0
       0
       0
       3
       3
       2
       5
       2
       3
       4
       1
       1
       0
       1
       1
       2
       4
       4
       3
       3
       2
       2
       6
       3
       6
       3
       2
       2
       1
       0
       1
       3
       3
       1
       3
       4
       5
       1
       2
       1
       3
       4
       4
       0
       1
       1
       1
       3
       4
       1
       3
       2
       1
       7
       1
       2
       3
       1
       2
       3
       1
       3
       1
       3
       6
       0
       1
       2
       1
       3
       2
       2
       3
       1
       1
       1
       3
       2
       3
       2
       1
       2
       3
       2
       3
       3
       3
       5
       0
       1
       4
       6
       1
       3
       5
       3
       0
       2
       3
       3
       2
       2
       3
       4
       2
       0
       2
       1
       2
       4
       1
       2
       0
       3
       3
       2
       3
       3
       3
       2
       4
       2
       3
       9
       1
       5
       6
       7
       2
       1
       4
       2
       4
       1
       4
       6
       3
       2
       3
       1
       2
       3
       5
       3
       2
       2
       1
       2
       1
       3
       0
       1
       2
       5
       0
       3
       3
       2
       1
       2
       1
       3
       2
       8
       1
       2
       1
       1
       2
       3
       2
       1
       4
       2
       2
       0
       2
       1
       2
       3
       5
       2
       2
       1
       1
       1
       0
       4
       2
       2
       2
       4
       1
       4
       3
       3
       3
       1
       6
       1
       3
       5
       2
       1
       5
       3
       5
       5
       2
       0
       4
       5
       2
       3
       1
       0
       3
       0
       1
       3
       3
       4
       3
       6
       5
       0
       2
       1
       4
       1
       4
       0
       1
       0
       3
       2
       5
       0
       1
       6
       7
       1
       1
       3
       0
       2
       3
       2
       5
       2
       2
       2
       4
       3
       2
       6
       3
       0
       1
       2
       6
       3
       4
       1
       3
       2
       2
       1
       1
       2
       1
       4
       1
       1
       1
       6
       4
       7
       1
       2
       1
       4
       3
       3
       4
       2
       2
       4
       2
       4
       5
       2
       2
       3
       2
       3
       5
       6
       0
       3
       2
       5
       4
       1
       1
       2
       4
       1
       3
       2
       4
       2
       5
       5
       3
       2
       2
       0
       5
       3
       2
       4
       3
       0
       1
       3
       6
       1
       1
       4
       1
       1
       4
       2
       6
       2
       1
       2
       3
       1
       0
       4
       5
       3
       1
       3
       3
       4
       5
       6
       3
       3
       1
       2
       5
       5
       1
       0
       1
       4
       3
       5
       1
       1
       3
       3
       0
       6
       2
       5
       3
       3
       3
       2
       1
       3
       5
       3
       3
       2
       3
       4
       6
       2
       3
       6
       3
       5
       1
       3
       3
       3
       0
       3
       3
       3
       3
       5
       0
       1
       2
       4
       1
       4
       5
       4
       1
       5
       5
       2
       5
       3
       1
       3
       5
       4
       5
       3
       3
       4
       3
       2
       3
       4
       6
       4
       5
       4
       3
       4
       2
       3
       7
       3
       5
       3
       1
       3
       5
       1
       2
       3
       0
       2
       3
       4
       0
       2
       3
       2
       2
       4
       2
       5
       3
       2
       3
       3
       5
       5
       4
       6
       3
       1
       1
       4
       4
       2
       5
       3
       4
       4
       3
       3
       5
       2
       0
       3
       6
       8
       5
       6
       2
       5
       2
       7
       0
       0
       2
       3
       2
       2
       2
       2
       8
       3
       6
       2
       3
       2
       3
       3
       4
       2
       4
       3
       4
       1
       3
       1
       6
       3
       6
       4
       2
       5
       4
       3
       3
       0
       4
       3
       4
       2
       4
       3
       2
       1
       1
       2
       6
       4
       4
       3
       5
       6
       2
       8
       2
       4
       9
       3
       2
       1
       3
       5
       2
       3
       2
       1
       4
       3
       2
       2
       3
       3
       2
       6
       1
       4
       3
       2
       3
       2
       4
       3
       1
       5
       3
       2
       2
       2
       3
       3
       3
       5
       2
       1
       2
       0
       1
       0
       4
       4
       2
       2
       0
       2
       2
       1
       3
       0
       3
       1
       1
       2
       4
       0
       3
       0
       1
       2
       3
       2
       4
       0
       4
       1
       2
       3
       1
       3
       1
       3
       1
       3
       2
       4
       1
       1
       5
       3
       1
       4
       2
       1
       3
       2
       3
       1
       0
       1
       1
       2
       3
       0
       5
       1
       5
       4
       3
       2
       2
       5
       2
       0
       1
       2
       0
       3
       3
       0
       2
       2
       0
       0
       3
       0
       1
       1
       1
       2
       2
       1
       0
       1
       4
       3
       1
       0
       2
       1
       1
       2
       0
       2
       3
       1
       0
       0
       1
       4
       2
       0
       0
       0
       0
       2
       1
       2
       0
       5
       0
       1
       3
       1
       1
       2
       1
       2
       2
       3
       0
       3
       4
       3
       1
       3
       0
       2
       3
       3
       3
       3
       0
       2
       0
       1
       2
       3
       0
       3
       2
       3
       3
       1
       1
       4
       3
       0
       2
       2
       4
       0
       2
       2
       1
       0
       1
       1
       1
       1
       3
       1
       0
       0
       0
       1
       5
       0
       2
       2
       2
       0
       0
       1
       0
       1
       2
       1
       1
       1
       3
       0
       4
       1
       1
       2
       2
       1
       1
       0
       1
       1
       1
       0
       1
       0
       0
       2
       3
       0
       1
       0
       1
       2
       0
       2
       1
       1
       1
       2
       2
       1
       2
       0
       0
       0
       1
       0
       1
       2
       1
       0
       2
       2
       0
       0
       1
       0
       1
       2
       0
       0
       1
       0
       0
       2
       0
       1
       1
       2
       2
       0
       1
       1
       2
       3
       2
       0
       0
       0
       0
       0
       1
       1
       0
       2
       1
       0
       0
       0
       1
       0
       0
       0
       1
       1
       0
       0
       1
       0
       0
       1
       0
       0
       0
       0
       0
       1
       0
       1
       1
       0
       1
       0
       1
       2
       1
       1
       1
       1
       1
       0
       1
       0
       1
       0
       0
       1
       1
       0
       0
       1
       0
       1
       1
       1
       1
       1
       0
       0
       0
       0
       0
       1
       0
       0
       0
       1
       0
       0
       0
       0
       0
       0
       0
       1
       1
       0
       1
       1
       1
       2
       1
       0
       0
       0
       0
       1
       0
       1
       0
       1
       0
       0
       2
       0
       0
       1
       0
       1
       0
       0
       0
       0
       0
       0
       0
       0
       0
       0
       1
       0
       1
       0
       0
       1
       0
       0
       0
       0
       0
       1
       0
       0
       1
       0
       0
       1
       0
       0
       0
       0
       0
       1
       1
       1
       1
       0
       0
       1
       2
       0
       1
       0
       0
       0
       0
       0
       0
       0
       1
       0
       0
       0
       0
       0
       0
       0
       1
       1
       0
       1
       1
       0
       0
       2
       0
       0
       1
       0
       1
       1
       0
       0
       0
       2
       1
       0
       0
       1
       1
       1
       0
       0
       0
       1
       0
       0
       2
       0
       0
       2
       0
       2
       0
       0
       0
       0
       0
       0
       1
       0
       0
       0
       0
       0
       0
       0
       1
       0
       0
       0
       2
       0
       0
       0
       1
       0
       2
       1
       1
       0
       0
       1
       0
       0
       0
       0
       0
       0
       0
       0
       1
       0
       0
       0
       0
       0
       1
       0
       0
       0
       0
       0
       0
       1
       0
       0
       0
       1
       0
       0
       0
       0
       0
       0
       0
       0
       0
       0
       0
       0
       0
       0
       0
       0
       0
       1
       0
       0
       0
       0
       1
       0
       0
       0
       0
       0
       0
       1
       0
       0
       0
       0
       0
       0
       3
       1
       1
       8
       8
      23
      28
      50
      75
      87
     131
      97
      90
      54
      32
      19
      11
       6
       2
       0
       0
       1
       0
       0
       0
       0
       1
       0
       1
       0
       0
       0
       0
       0
       0
       0
       0
       0
       0
       0
       0
       0
       0
       0
       0
       0
       1
       0
       0
       0
       0
       0
       0
       0
       0
       0
       0
       0
       0
       1
       0
       0
       0
       0
       1
       0
       0
       0
       0
       0
       0
       0
       0
       0
       0
       0
       0
       0
       0
       0
       0
       0
       0
       0
       0
       0
       1
       0
       0
       0
       0
       0
       0
       0
       0
       0
       0
       0
       0
       0
       0
       0
       0
       0
       0
       0
       0
       0
       0
       0
       0
       0
       0
       0
       0
       0
       0
       0
       0
       0
       0
       0
       0
       0
       0
       0
       0
       0
       0
       0
       0
       0
       0
       0
       0
       0
       0
       0
       0
       0
       0
       0
       0
       0
       0
       0
       0
       0
       0
       0
       0
       0
       0
       0
       0
       0
       0
       0
       0
       0
       0
       0
       0
       0
       0
       0
       0
       0
       0
       0
       0
       0
       0
       0
       0
       0
       0
       0
       0
       0
       0
       0
       0
       0
       0
       0
       0
       0
       0
       0
       0
       0
       0
       0
       1
       0
       0
       0
       1
       0
       0
       0
       0
       0
       0
       0
       1
       0
       0
       0
       0
       0
       0
       0
       0
       0
       0
       0
       0
       0
       0
       0
       0
       0
       0
       0
       0
       0
       0
       0
       0
       0
       0
       0
       1
       0
       0
       0
       0
       0
       0
       0
       0
       0
       0
       0
       0
       0
       0
       0
       0
       0
       0
       0
       0
       0
       0
       0
       0
       0
       0
       0
       0
       0
       0
       0
       0
       0
       0
       0
       0
       1
       0
       0
       0
       0
       0
       0
       0
       0
       0
       0
       0
       0
       0
       0
       1
       0
       0
       0
       0
       0
       0
       0
       0
       0
       0
       0
       0
       0
       0
       0
       0
       0
       0
       0
       0
       0
       0
       0
       0
       0
       0
       0
       0
       0
       0
       0
       0
       0
       0
       0
       0
       0
       0
       0
       0
       0
       0
       0
       0
       0
       0
       0
       0
       0
       0
       0
       0
       0
       0
       0
       0
       0
       0
       0
       0
       0
       0
       0
       0
       0
       0
       0
       0
       0
       0
       1
       0
       0
       0
       0
       0
       0
       0
       0
       0
       0
       0
       0
       0
       0
       0
       0
       0
       0
       0
       0
       0
       0
       0
       0
       0
       0
       0
       0
       0
       0
       0
       0
       0
       0
       0
       0
       0
       0
       0
       0
       0
       0
       0
       0
       0
       0
       0
       0
       0
       0
       0
       0
       0
       0
       0
       0
       0
       0
       0
       0
       0
       0
       0
       0
       0
       0
       0
       0
       0
       0
       0
       0
       0
       0
       0
       0
       0
       0
       0
       0
       0
       0
       0
       0
       0
       0
       0
       0
       0
       0
       0
       0
       0
       0
       0
       0
       0
       0
       0
       0
       0
       0
       0
       0
       0
       0
       0
       0
       0
       0
       0
       0
       0
       0
       0
       0
       0
       0
       0
       0
       0
       1
       0
       0
       0
       0
       0
       0
       0
       0
       0
       0
       0
       0
       0
       0
       0
       0
       0
       0
       0
       0
       0
       0
       0
       0
       0
       0
       0
       0
       0
       0
       0
       0
       0
       0
       0
       0
       0
       0
       0
       0
       0
       0
       0
       0
       0
       0
       0
       0
       0
       0
       0
       0
       0
       0
       0
       0
       0
       0
       0
       0
       0
       0
       0
       0
       0
       0
       0
       0
       0
       0
       0
       0
       0
       0
       0
       0
       0
       0
       0
       0
       0
       0
       0
       0
       0
       0
       0
       0
       0
       0
       0
       0
       0
       0
       0
       0
       1
       0
       0
       0
       0
       0
       0
       0
       0
       0
       0
       0
       0
       0
       0
       0
       0
       0
       0
       0
       0
       0
       0
       0
       0
       0
       0
       0
       0
       0
       0
       0
       0
       0
       0
       0
       0
       0
       0
       0
       0
       0
       0
       0
       0
       0
       0
       0
       0
       0
       0
       0
       0
       0
       0
       0
       0
       0
       0
       0
       0
       0
       0
       0
       0
       0
       0
       0
       0
       0
       0
       0
       0
       0
       0
       0
       0
       0
       0
       0
       0
       0
       0
       0
       0
       0
       0
       0
       0
       0
       0
       0
       0
       0
       0
       0
       0
       0
       0
       0
       0
       0
       0
       1
       0
       0
       0
       0
       0
       0
       0
       0
       0
       0
       0
       0
       0
       0
       0
       0
       0
       0
       0
       0
       0
       0
       0
       0
       0
       0
       0
       0
       0
       0
       0
       0
       0
       0
       0
       0
       0
       0
       0
       0
       0
       0
       0
       0
       0
       0
       0
       0
       0
       0
       0
       0
       0
       0
       0
       0
       0
       0
       0
       0
       0
       0
       0
       0
       0
       1
       0
       1
       0
       0
       0
       0
       0
       0
       0
       0
       0
       0
       0
       0
       0
       0
       0
       0
       0
       0
       0
       0
       0
       0
       0
       0
       0
       0
       0
       0
       0
       0
       0
       0
       0
       0
       0
       0
       0
       0
       0
       0
       0
       0
       0
       0
       0
       0
       0
       0
       0
       0
       0
       0
       0
       0
       0
       0
       0
       0
       0
       0
       0
       0
       0
       0
       0
       0
       0
       0
       0
       0
       0
       0
       0
       0
       0
       0
       0
       0
       0
       0
       0
       0
       0
       0
       0
       0
       0
       0
       0
       0
       0
       0
       0
       0
       0
       0
       0
       0
       0
       0
       0
       0
       0
       0
       1
       0
       0
       0
       0
       0
       0
       0
       0
       0
       0
       0
       0
       0
       0
       0
       0
       0
       0
       0
       0
       0
       0
       0
       0
       0
       0
       0
       0
       0
       0
       0
       0
       0
       0
       0
       1
       0
       0
       0
       0
       0
       0
       0
       0
       0
       0
       0
       0
       0
       0
       0
       0
       0
       0
       0
       0
       0
       0
       0
       0
       0
       0
       1
       0
       0
       0
       0
       0
       0
       0
       0
       0
       0
       0
       0
       0
       0
       0
       0
       0
       0
       0
       0
       0
       1
       0
       0
       0
       0
       0
       0
       0
       0
       0
       0
       0
       0
       0
       0
       0
       0
       0
       0
       0
       0
       0
       0
       0
       0
       0
       0
       0
       0
       0
       0
       0
       0
       0
       0
       0
       0
       0
       0
       0
       0
       0
       0
       0
       0
       0
       0
       0
       0
       0
       0
       0
       0
       0
       0
       0
       0
       0
       0
       0
       0
       0
       0
       0
       0
       0
       0
       0
       0
       0
       0
       0
       0
       0
       0
       0
       0
       0
       0
       0
       0
       0
       0
       0
       0
       0
       0
       0
       0
       0
       0
       0
       0
       0
       0
       0
       0
       0
       0
       0
       0
       0
       0
       0
       0
       0
       0
       0
       0
       0
       0
       0
       0
       0
       0
       0
       0
       0
       0
       0
       0
       0
       0
       0
       1
       0
       0
       0
       0
       0
       0
       0
       0
       0
       0
       0
       0
       0
       0
       0
       0
       0
       0
       0
       1
       0
       0
       0
       0
       0
       0
       0
       0
       1
       0
       0
       0
       0
       0
       0
       0
       0
       0
       0
       0
       0
       0
       0
       0
       0
       0
       0
       0
       0
       0
       0
       0
       0
       0
       0
       0
       0
       0
       0
       0
       0
       0
       0
       0
       0
       0
       0
       0
       0
       0
       0
       0
       0
       0
       0
       0
       0
       0
       0
       0
       0
       0
       0
       0
       0
       0
       0
       0
       0
       0
       0
       0
       0
       0
       0
       0
       0
       0
       0
       0
       0
       0
       0
       0
       0
       0
       0
       0
       0
       0
       0
       0
       0
       0
       0
       0
       0
       0
       0
       0
       0
       0
       0
       0
       0
       0
       0
       0
       0
       1
       0
       0
       0
       0
       0
       0
       0
       0
       0
       0
       0
       0
       0
       0
       0
       0
       0
       0
       0
       0
       0
       0
       0
       0
       0
       0
       0
       0
       0
       0
       0
       0
       0
       0
       0
       0
       0
       0
       0
       0
       0
       0
       0
       0
       0
       0
       0
       0
       0
       0
       0
       0
       0
       0
       0
       0
       0
       0
       0
       0
       0
       0
       0
       0
       0
       0
       0
       0
       0
       0
       0
       0
       0
       0
       0
       0
       0
       0
       0
       0
       0
       0
       0
       0
       0
       0
       0
       0
       0
       0
       0
       0
       0
       0
       0
       0
       0
       0
       0
       0
       0
       0
       0
       0
       0
       0
       0
       0
       0
       0
       0
       0
       0
       0
       0
       1
       0
       0
       0
       0
       0
       0
       0
       0
       0
       0
       0
       0
       0
       0
       0
       0
       0
       0
       0
       0
       0
       0
       0
       0
       0
       0
       0
       0
       0
       0
       0
       0
       0
       0
       0
       0
       0
       0
       0
       0
       0
       0
       0
       0
       0
       0
       0
       0
       0
       0
       0
       0
       0
       0
       0
       0
       0
       0
       0
       0
       0
       0
       0
       0
       0
       0
       0
       0
       0
       0
       0
       0
       0
       0
       0
       0
       0
       0
       0
       0
       0
       0
       0
       0
       0
       0
       0
       0
       0
       0
       0
       0
       0
       0
       0
       0
       0
       0
       0
       0
       0
       0
       0
       0
       0
       0
       0
       0
       0
       0
       0
       0
       0
       0
       0
       0
       0
       0
       0
       0
       0
       0
       0
       0
       0
       0
       0
       0
       0
       0
       0
       0
       0
       0
       0
       0
       0
       0
       0
       0
       0
       0
       0
       0
       0
       0
       0
       0
       0
       0
       0
       0
       0
       0
       0
       0
       0
       0
       0
       0
       0
       0
       0
       0
       0
       0
       0
       0
       0
       0
       0
       0
       0
       0
       0
       0
       0
       0
       0
       0
       0
       0
       0
       0
       0
       0
       0
       0
       0
       0
       0
       0
       0
       0
       0
       0
       0
       0
       0
       0
       0
       0
       0
       0
       0
       0
       0
       0
       0
       0
       0
       1
       0
       0
       0
       0
       0
       0
       0
       0
       0
       0
       0
       0
       0
       0
       0
       0
       0
       0
       0
       0
       0
       0
       0
       0
       0
       0
       0
       0
       0
       0
       0
       0
       0
       0
       0
       0
       0
       0
       0
       0
       0
       0
       0
       0
       0
       0
       0
       0
       0
       0
       0
       0
       0
       0
       0
       0
       0
       0
       1
       0
       0
       0
       0
       0
       0
       0
       0
       0
       0
       0
       0
       0
       0
       0
       0
       0
       0
       0
       0
       0
       0
       0
       0
       0
       0
       0
       0
       0
       0
       0
       0
       0
       0
       0
       0
       0
       0
       0
       0
       0
       0
       0
       0
       0
       0
       0
       0
       0
       0
       0
       0
       0
       0
       0
       0
       0
       0
       0
       0
       0
       0
       0
       0
       0
       0
       0
       0
       0
       0
       0
       0
       0
       0
       0
       0
       0
       0
       0
       0
       0
       0
       0
       0
       0
       0
       0
       0
       0
       0
       0
       0
       0
       0
       0
       0
       0
       0
       0
       0
       0
       0
       0
       0
       0
       0
       0
       0
       0
       0
       0
       0
       0
       0
       0
       0
       0
       0
       0
       0
       0
       0
       0
       0
       0
       0
       0
       0
       0
       0
       0
       0
       0
       0
       0
       0
       0
       0
       0
       0
       0
       0
       0
       0
       0
       0
       0
       0
       0
       0
       0
       0
       0
       0
       0
       0
       0
       0
       0
       0
       0
       0
       0
       0
       0
       0
       0
       0
       0
       0
       0
       0
       0
       0
       0
       0
       0
       0
       0
       0
       0
       0
       0
       0
       0
       0
       0
       0
       0
       0
       0
       0
       0
       0
       0
       0
       0
       0
       0
       0
       0
       0
       0
       0
       0
       0
       0
       0
       0
       0
       0
       0
       0
       0
       0
       0
       0
       0
       0
       0
$ROI:
1
5349 5366
$PRESETS:
None
0
0
$ENER_FIT:
2.173241 0.407524
$MCA_CAL:
3
2.173241E+000 4.075244E-001 0.000000E+000 keV
$SHAPE_CAL:
3
5.213420E-001 1.196432E-003 0.000000E+000
