$SPEC_ID:
No sample description was entered.
$SPEC_REM:
DET# 1
DETDESC# DESKTOP-95CNEVU Easy-MCA-2k SN 16145343
AP# Maestro Version 7.01
$DATE_MEA:
09/30/2020 11:11:39
$MEAS_TIM:
569 746
$DATA:
0 2047
       0
       0
       0
       0
       0
       0
       0
       0
       0
       0
       0
       0
       0
       0
       0
       0
       0
       0
       0
       0
       0
       0
       0
       0
       0
       0
       0
       0
       0
       0
       0
       0
       0
       0
       0
       0
       0
       0
      23
   28182
   49084
   63636
   76543
   83983
   83071
   76573
   68555
   63586
   64264
   69045
   75208
   78994
   78229
   73072
   63583
   53267
   45205
   39340
   36812
   35059
   33513
   31061
   27651
   24164
   21310
   18984
   17707
   17343
   17260
   18061
   18446
   19071
   19101
   19583
   19670
   19383
   19436
   19694
   19620
   19396
   19839
   20119
   20349
   20638
   20881
   20965
   20992
   21293
   20915
   21092
   21196
   21310
   21455
   21682
   21730
   22021
   22298
   22179
   22241
   22214
   22556
   23098
   22907
   23620
   23847
   24287
   24949
   25429
   26178
   26917
   27715
   28363
   28768
   29166
   29388
   29660
   30039
   30771
   32579
   35380
   38417
   43206
   49035
   55959
   62741
   68928
   73558
   77105
   78579
   77705
   75254
   70396
   64711
   58053
   51299
   44902
   39455
   34766
   31057
   27990
   26198
   25255
   24766
   24517
   24400
   24707
   24420
   24146
   23790
   23968
   23403
   23014
   22953
   22550
   22026
   21919
   21633
   21651
   21326
   21012
   21000
   20701
   20706
   20864
   20684
   20606
   20980
   20963
   21897
   22468
   23014
   24089
   24733
   25618
   26455
   27227
   27962
   28249
   28283
   28319
   27792
   27288
   26338
   25463
   24193
   22764
   21303
   20092
   18995
   17527
   16650
   15815
   14730
   14292
   13833
   13542
   13208
   12970
   12713
   12632
   12593
   12395
   12288
   12523
   12253
   12394
   12398
   12232
   12264
   12317
   12464
   12310
   12176
   12228
   12355
   12134
   12252
   12106
   12000
   11925
   11841
   11875
   11676
   11483
   11422
   11000
   11080
   10990
   10856
   11048
   10984
   11060
   11062
   11256
   11521
   11423
   11846
   11891
   12182
   12367
   12699
   12471
   12669
   12837
   12646
   12731
   12590
   12814
   12509
   12684
   12557
   12375
   12343
   12212
   12545
   12546
   12899
   13147
   13221
   13540
   13890
   14109
   14788
   14910
   15129
   15280
   15394
   15693
   15557
   15531
   15346
   14795
   14830
   14378
   14048
   13560
   12848
   12421
   12069
   11593
   11144
   11078
   10770
   10761
   10793
   10887
   10950
   11465
   11799
   12286
   13073
   13659
   14803
   15391
   16183
   17111
   18000
   18828
   19818
   20842
   21229
   21745
   22245
   22181
   22537
   22737
   22331
   21816
   21401
   20486
   19639
   18977
   17852
   16608
   15660
   14647
   13579
   12400
   11606
   10649
    9958
    9418
    8812
    8287
    7869
    7392
    7397
    7032
    6703
    6648
    6466
    6328
    6352
    6210
    6098
    6113
    6172
    6331
    6055
    5938
    6076
    5962
    5949
    6060
    5996
    6034
    6038
    5993
    6008
    6034
    6114
    5940
    6053
    6054
    6087
    6042
    6134
    6184
    6149
    6199
    6256
    6350
    6618
    6599
    6557
    6862
    6928
    6957
    7026
    7171
    7216
    7274
    7465
    7555
    7654
    7675
    7604
    7950
    7802
    7798
    7599
    7542
    7416
    7336
    7307
    7220
    7033
    7044
    6932
    6709
    6646
    6487
    6589
    6582
    6259
    6178
    6253
    6304
    6100
    6289
    6300
    6310
    6195
    6294
    6201
    6154
    6257
    6158
    6202
    6015
    5980
    6014
    5847
    5869
    5791
    5578
    5614
    5444
    5514
    5351
    5262
    5086
    5145
    5164
    5046
    5235
    5150
    5043
    5219
    5199
    5109
    5204
    5200
    5192
    5360
    5342
    5362
    5359
    5494
    5490
    5522
    5849
    5828
    5833
    5978
    6002
    6347
    6268
    6508
    6730
    6904
    6995
    7414
    7667
    7832
    8166
    8471
    8856
    9173
    9410
    9584
    9933
   10459
   10489
   10925
   11080
   11075
   11363
   11481
   11440
   11454
   11357
   11372
   10999
   11106
   10915
   10613
   10425
   10474
   10052
    9825
    9941
    9509
    9710
    9461
    9206
    9062
    9246
    9027
    9274
    8970
    8925
    8885
    8891
    8947
    9045
    8880
    8714
    8438
    8259
    8002
    7923
    7821
    7561
    7443
    6782
    6569
    6334
    5914
    5662
    5387
    5143
    5039
    4535
    4290
    4006
    3797
    3543
    3379
    3238
    3044
    2894
    2762
    2657
    2611
    2445
    2457
    2327
    2368
    2330
    2317
    2090
    2162
    2209
    2126
    2153
    2060
    2112
    2057
    2132
    2065
    2132
    2110
    2056
    2066
    2108
    2184
    2099
    2137
    2120
    2070
    2102
    2022
    2119
    2041
    2053
    2124
    2025
    2072
    2066
    2049
    2071
    2024
    2059
    2011
    1929
    1949
    1985
    2014
    1926
    1843
    1914
    1971
    1952
    1967
    1886
    1858
    1820
    1827
    1863
    1782
    1852
    1792
    1641
    1755
    1760
    1702
    1680
    1620
    1665
    1645
    1607
    1580
    1599
    1551
    1522
    1584
    1507
    1556
    1572
    1560
    1585
    1523
    1550
    1556
    1500
    1492
    1497
    1545
    1452
    1431
    1448
    1449
    1473
    1434
    1459
    1482
    1479
    1445
    1453
    1436
    1462
    1415
    1490
    1476
    1463
    1492
    1449
    1404
    1453
    1400
    1415
    1386
    1367
    1420
    1319
    1402
    1372
    1373
    1381
    1346
    1359
    1387
    1385
    1346
    1343
    1281
    1325
    1308
    1372
    1291
    1306
    1296
    1292
    1380
    1258
    1259
    1187
    1231
    1226
    1233
    1213
    1158
    1213
    1163
    1149
    1111
    1197
    1159
    1152
    1178
    1103
    1130
    1104
    1159
    1138
    1114
    1132
    1103
    1055
    1094
    1123
    1071
    1041
    1063
    1071
    1059
    1096
    1060
    1100
    1120
    1088
     991
    1023
     985
    1037
    1020
    1016
    1047
    1018
    1024
    1018
    1014
    1019
    1008
     981
     973
     984
    1045
    1001
     950
     941
    1015
     937
     943
     991
     990
     986
    1049
     958
     999
    1017
     985
     985
    1021
    1001
    1065
    1042
    1004
    1017
    1020
     991
    1017
    1045
    1040
    1085
    1040
    1099
    1089
    1075
    1098
    1108
    1110
    1165
    1082
    1045
    1171
    1132
    1117
    1178
    1142
    1168
    1093
    1165
    1119
    1149
    1121
    1189
    1128
    1091
    1137
    1220
    1173
    1086
    1197
    1216
    1148
    1166
    1165
    1185
    1255
    1216
    1208
    1231
    1200
    1225
    1217
    1281
    1279
    1315
    1279
    1341
    1378
    1441
    1442
    1384
    1496
    1487
    1535
    1528
    1588
    1612
    1621
    1699
    1679
    1694
    1742
    1714
    1769
    1808
    1790
    1930
    1886
    1886
    1848
    1900
    1911
    1854
    1854
    1872
    1871
    1865
    1759
    1925
    1741
    1729
    1774
    1716
    1724
    1735
    1668
    1693
    1618
    1572
    1635
    1563
    1514
    1507
    1575
    1458
    1388
    1347
    1369
    1280
    1293
    1303
    1283
    1249
    1183
    1208
    1127
    1129
    1114
    1095
    1165
    1053
    1077
    1010
     980
     978
     900
     947
     975
     865
     924
     960
     917
     905
     864
     846
     833
     843
     872
     775
     844
     840
     852
     793
     789
     865
     855
     839
     789
     818
     834
     778
     845
     786
     800
     831
     735
     834
     740
     838
     796
     776
     774
     773
     777
     835
     765
     774
     816
     735
     767
     755
     761
     765
     757
     788
     776
     759
     761
     759
     812
     789
     779
     798
     822
     832
     768
     711
     784
     794
     808
     790
     752
     817
     789
     747
     851
     820
     754
     823
     778
     739
     764
     768
     776
     808
     814
     766
     797
     767
     805
     779
     763
     778
     763
     798
     741
     711
     720
     733
     810
     752
     764
     777
     738
     758
     700
     782
     743
     787
     736
     734
     725
     790
     724
     776
     750
     753
     729
     693
     770
     736
     700
     760
     764
     718
     741
     750
     711
     718
     717
     714
     723
     773
     718
     710
     704
     761
     729
     754
     740
     711
     715
     726
     690
     763
     740
     712
     728
     717
     763
     719
     645
     710
     706
     735
     685
     705
     721
     712
     732
     736
     702
     709
     747
     741
     693
     758
     780
     718
     741
     793
     739
     729
     798
     753
     769
     796
     743
     811
     819
     785
     813
     842
     802
     800
     856
     835
     899
     869
     801
     907
     925
     986
     969
     964
    1014
     978
    1104
     997
    1052
    1085
    1063
    1113
    1111
    1148
    1151
    1242
    1155
    1229
    1214
    1263
    1267
    1346
    1262
    1313
    1269
    1290
    1377
    1351
    1299
    1273
    1380
    1302
    1292
    1319
    1426
    1294
    1281
    1250
    1264
    1252
    1213
    1224
    1225
    1160
    1235
    1177
    1160
    1197
    1139
    1138
    1111
    1121
    1057
    1045
    1056
    1002
    1030
     933
    1018
     991
    1021
    1024
     984
     999
     949
     960
     893
     902
     908
     986
     922
     931
     893
     959
     939
     889
     943
     959
     918
     958
     927
     918
     976
     924
     893
     893
     954
     981
     954
     899
     957
     928
     955
     901
     908
     924
     905
     909
     936
     953
     931
     966
     924
     975
     944
     880
     951
     978
     951
     964
     926
     934
     948
     899
    1003
     951
     932
     905
     890
     903
     914
     908
     977
     967
     869
     921
     943
     919
     828
     909
     901
     873
     898
     873
     866
     873
     891
     903
     825
     845
     813
     812
     779
     798
     784
     817
     797
     815
     740
     718
     725
     780
     738
     765
     680
     718
     651
     666
     688
     620
     621
     627
     615
     582
     609
     571
     594
     585
     595
     561
     508
     576
     553
     553
     534
     547
     498
     503
     495
     462
     478
     480
     473
     461
     485
     458
     448
     419
     445
     466
     474
     456
     472
     460
     432
     417
     417
     422
     448
     445
     455
     450
     418
     449
     436
     479
     493
     492
     470
     456
     519
     501
     481
     521
     608
     528
     512
     587
     581
     618
     658
     617
     638
     680
     697
     700
     733
     768
     813
     844
     908
     914
     949
     935
    1030
    1068
    1140
    1157
    1223
    1191
    1299
    1367
    1401
    1477
    1489
    1647
    1511
    1694
    1731
    1736
    1742
    1934
    1905
    1964
    2005
    2045
    2142
    2161
    2257
    2204
    2264
    2311
    2344
    2444
    2374
    2418
    2455
    2549
    2441
    2504
    2529
    2434
    2467
    2394
    2437
    2392
    2312
    2352
    2415
    2339
    2265
    2314
    2110
    2128
    2075
    2017
    1959
    1911
    1747
    1823
    1729
    1667
    1645
    1577
    1507
    1437
    1469
    1418
    1319
    1254
    1199
    1109
    1075
    1041
    1012
     944
     852
     873
     793
     785
     752
     748
     659
     630
     654
     604
     582
     523
     528
     484
     476
     465
     430
     462
     402
     388
     399
     349
     395
     375
     364
     297
     315
     306
     339
     287
     316
     294
     269
     276
     276
     276
     256
     259
     267
     253
     250
     243
     251
     222
     257
     248
     229
     244
     215
     218
     228
     224
     199
     223
     231
     221
     201
     200
     228
     220
     230
     192
     229
     220
     193
     200
     211
     202
     194
     215
     196
     203
     207
     184
     187
     195
     219
     176
     174
     168
     182
     194
     179
     195
     208
     173
     176
     189
     182
     190
     180
     194
     166
     168
     198
     184
     169
     139
     168
     189
     182
     167
     165
     159
     144
     165
     173
     154
     153
     149
     150
     172
     154
     144
     157
     149
     148
     155
     135
     143
     149
     157
     155
     126
     135
     134
     156
     126
     124
     127
     123
     113
     120
     123
     119
     121
     111
     129
     113
     118
     111
     116
     114
     129
     108
     111
     108
     121
     106
     104
     112
     100
     106
      98
     108
     115
      97
     104
      97
     107
      92
     118
      98
     101
      98
      93
     108
      98
     100
      92
      81
      97
     105
      90
      91
      95
      86
      91
      89
      98
      92
      77
      92
      80
      76
      88
      80
      76
      83
      72
      71
      83
      89
      86
      90
      75
      77
      72
      91
      80
      78
      70
      87
      93
      78
      73
      87
      89
      71
      80
      87
      64
      83
      76
      92
      79
      81
      79
      89
      91
      83
      84
      64
      80
      76
     101
      93
      78
     113
      73
      93
      88
      80
      83
      99
      88
      93
      89
     101
      78
      90
      95
      89
      88
      81
      77
      71
      99
      99
      80
      94
      83
      98
      96
     107
      84
      98
     100
      85
      87
      90
      92
      87
      95
      85
      92
      89
      75
      92
      94
      85
      74
      85
      88
      84
      84
      86
      66
      79
      81
      87
      71
      85
      81
      65
      79
      71
      73
      54
      69
      63
      52
      61
      71
      56
      62
      75
      59
      50
      53
      42
      57
      46
      48
      41
      39
      37
      51
      38
      33
      41
      56
      43
      48
      37
      40
      39
      37
      27
      33
      36
      35
      46
      37
      34
      40
      28
      38
      24
      33
      28
      32
      34
      37
      33
      30
      31
      36
      44
      30
      30
      37
      29
      15
      23
      28
      32
      21
      31
      34
      38
      23
      25
      41
      37
      26
      17
      27
      33
      30
      32
      36
      26
      32
      30
      24
      35
      22
      34
      26
      34
      22
      25
      34
      28
      20
      28
      29
      26
      23
      22
      28
      23
      30
      27
      28
      27
      22
      25
      16
      33
      31
      23
      34
      25
      23
      31
      33
      30
      34
      39
      20
      22
      22
      28
      25
      26
      18
      27
      23
      15
      34
      15
      22
      23
      21
      24
      22
      18
      28
      21
      25
      30
      22
      21
      27
      14
      18
      27
      22
      16
      23
      19
      16
      17
      15
      27
      16
      16
      14
      19
      23
      12
      12
      24
      16
      15
      14
      23
      14
      19
      15
      13
      20
      10
      12
      10
      14
      17
      13
      12
      16
      20
      17
      31
      12
      18
      12
      13
      13
       9
      14
      11
      10
      16
      15
      10
      14
      11
       9
      10
      11
      15
      13
       8
      15
      20
      10
      11
       7
      11
       6
      16
      11
      18
      11
       9
      10
      12
      15
       7
      10
       7
      10
      10
      10
       7
      11
      14
       7
       7
       8
       8
       7
      14
      12
      11
      13
      11
       6
       8
       9
       8
      13
      14
      11
       6
      12
       6
      12
       3
       5
      10
       8
       7
       7
       6
       9
       7
      14
      11
       8
       4
       7
       9
       7
      10
      16
       7
       7
       9
       7
       7
       6
      10
       7
       3
       9
       5
       8
       6
      15
       4
      10
       9
       5
       1
      13
       7
      14
       7
       7
       9
      11
      10
      10
       8
       7
       4
       6
       8
      10
       8
       7
       7
       7
       3
       9
       6
       5
       4
      10
      11
       4
      11
       6
       3
       6
       7
       8
       6
       9
      10
       2
       4
       6
       9
       3
      12
       4
       1
       9
       7
       4
      11
       5
       7
       6
       9
       3
       7
       6
       7
       9
       6
       2
       8
       8
       7
      10
       8
       2
       7
       8
       7
       5
       8
       2
       6
       2
       7
       8
       7
       5
       5
       8
      13
       5
       4
       3
       4
      12
       8
       4
       3
       8
       5
       5
       4
       3
       5
       8
       2
       5
       3
       6
       4
       7
       4
       3
       5
       4
       6
       2
       0
       0
       0
       0
       0
       0
       0
       0
       0
       0
       0
       0
       0
       0
       0
       0
       0
       0
       0
       0
       0
       0
       0
       0
       0
       0
       0
       0
       0
       0
       0
       0
$ROI:
1
1256 1361
$PRESETS:
Live Time
10000
0
$ENER_FIT:
-0.035297 0.002109
$MCA_CAL:
3
-3.529670E-002 2.109118E-003 0.000000E+000 MeV
$SHAPE_CAL:
3
1.002652E+001 3.494113E-002 0.000000E+000
