$SPEC_ID:
No sample description was entered.
$SPEC_REM:
DET# 1
DETDESC# DESKTOP-PNQJTCJ Easy-MCA-8k SN 09161357
AP# Maestro Version 7.01
$DATE_MEA:
10/07/2020 11:49:41
$MEAS_TIM:
5792 5793
$DATA:
0 8191
       0
       0
       0
       0
       0
       0
       0
       0
       0
       0
       0
       0
       0
       0
       0
       0
       0
       0
       0
       0
       0
       0
       0
       0
       0
       0
       0
       0
       0
       0
       0
       0
       0
       0
       0
       0
       0
       0
       0
       0
       0
       0
       0
       0
       0
       0
       0
       0
       0
       0
       0
       0
       0
       0
       0
       0
       0
       0
       0
       0
       0
       0
       0
       0
       0
       0
       0
       0
       0
       0
       0
       0
       0
       0
       0
       0
       0
       0
       0
       0
       0
       0
       0
       0
       0
       0
       0
       0
       0
       0
       0
       0
       0
       0
       0
       0
       0
       0
       0
       0
       0
       0
       0
       0
       0
       0
       0
       0
       0
       0
       0
       0
       0
       0
       0
       0
       0
       0
       0
       0
       0
       0
       0
       0
       0
       0
       0
       0
       0
       0
       0
       0
       0
       0
       0
       0
       0
       0
       0
       0
       0
       0
       0
       0
       0
       0
       0
       0
       0
       0
       0
       0
       0
       0
       0
       0
       0
       0
       0
       0
       0
       0
       0
       0
       0
       0
       0
       0
       0
       0
       0
       0
       0
       0
       0
       0
       0
       0
       0
       0
       0
       0
       0
       0
       0
       0
       0
       0
       0
       0
      10
      40
      70
      69
      84
      95
      81
      61
      68
      71
      67
      82
      60
      61
      56
      69
      59
      64
      61
      58
      45
      52
      55
      54
      50
      58
      49
      57
      35
      50
      48
      38
      34
      52
      34
      30
      33
      38
      27
      26
      38
      34
      32
      24
      39
      42
      34
      33
      34
      26
      38
      34
      31
      29
      23
      22
      29
      27
      20
      21
      31
      16
      27
      22
      21
      20
      23
      16
      11
      20
      20
      13
      16
      16
      15
      14
      11
      22
      16
      17
      13
       9
       9
      16
      12
       7
       7
      14
       8
      17
      16
       9
       4
       9
       9
      16
       6
       5
       8
      12
       1
       9
       9
      10
       6
       8
       7
       9
       9
       9
      12
       8
       4
       3
       9
       4
       3
       7
       8
       4
       9
       5
       8
       9
       6
       3
       5
       3
       6
       5
       2
       5
       5
       4
       4
       3
       2
       2
       2
       3
       5
       2
       7
       2
       4
       3
       4
       3
       6
       2
       7
       3
       2
       3
       5
       2
       2
       5
       2
       4
       1
       3
       3
       0
       2
       4
       6
       4
       4
       5
       3
       3
       4
       4
       3
       1
       1
       4
       1
       1
       0
       4
       3
       1
       0
       2
       3
       2
       2
       0
       0
       0
       2
       0
       3
       2
       0
       1
       1
       1
       1
       0
       2
       1
       2
       3
       1
       0
       0
       0
       1
       0
       0
       2
       2
       1
       2
       1
       1
       4
       0
       3
       3
       1
       1
       0
       2
       2
       2
       1
       0
       1
       2
       0
       0
       2
       1
       0
       1
       1
       0
       0
       0
       2
       1
       2
       1
       0
       1
       1
       0
       2
       1
       0
       0
       1
       1
       2
       1
       0
       1
       0
       0
       0
       0
       0
       0
       0
       0
       2
       2
       0
       0
       0
       1
       0
       0
       1
       0
       0
       0
       1
       3
       3
       0
       0
       1
       2
       0
       1
       0
       0
       0
       0
       2
       0
       2
       0
       1
       1
       0
       1
       1
       0
       0
       1
       1
       1
       0
       2
       1
       0
       1
       0
       1
       0
       1
       0
       2
       0
       0
       1
       0
       1
       1
       0
       0
       0
       0
       0
       0
       1
       0
       0
       1
       0
       0
       0
       2
       0
       0
       1
       0
       0
       0
       1
       0
       2
       1
       1
       0
       3
       0
       0
       0
       0
       1
       0
       0
       0
       0
       0
       0
       0
       0
       0
       0
       0
       0
       1
       0
       1
       2
       2
       0
       0
       0
       0
       0
       1
       0
       2
       0
       0
       0
       3
       1
       0
       2
       0
       0
       0
       2
       1
       1
       2
       0
       1
       0
       0
       0
       2
       0
       1
       0
       2
       0
       0
       0
       0
       0
       1
       0
       0
       0
       0
       0
       0
       0
       0
       0
       1
       0
       0
       0
       1
       0
       0
       0
       0
       0
       0
       0
       1
       1
       1
       0
       0
       0
       0
       1
       0
       0
       0
       0
       1
       0
       0
       0
       0
       0
       1
       0
       0
       1
       3
       0
       1
       0
       1
       1
       0
       0
       0
       0
       0
       0
       3
       1
       0
       0
       0
       1
       0
       2
       0
       0
       0
       0
       0
       0
       2
       0
       0
       0
       0
       0
       0
       0
       0
       0
       0
       2
       0
       0
       0
       0
       0
       1
       1
       0
       1
       2
       1
       1
       0
       0
       0
       0
       0
       1
       0
       0
       1
       0
       1
       1
       0
       0
       2
       0
       1
       0
       1
       0
       0
       0
       1
       0
       0
       0
       0
       1
       0
       1
       0
       0
       2
       0
       0
       2
       0
       1
       0
       2
       0
       0
       0
       1
       2
       0
       0
       0
       1
       1
       0
       0
       0
       0
       1
       1
       1
       0
       0
       2
       0
       0
       0
       0
       0
       2
       0
       0
       0
       0
       0
       0
       0
       0
       0
       0
       1
       0
       0
       1
       2
       0
       0
       2
       0
       1
       1
       0
       1
       1
       0
       0
       1
       0
       0
       0
       0
       0
       0
       1
       0
       1
       0
       0
       2
       0
       1
       0
       1
       0
       0
       0
       1
       1
       0
       0
       2
       0
       1
       0
       0
       0
       0
       0
       0
       0
       0
       2
       0
       0
       0
       0
       1
       1
       1
       1
       0
       0
       1
       0
       1
       1
       1
       1
       0
       0
       1
       0
       1
       0
       0
       1
       1
       0
       1
       0
       0
       0
       0
       0
       0
       1
       1
       1
       0
       0
       0
       0
       0
       0
       0
       0
       1
       0
       1
       0
       1
       1
       0
       1
       0
       1
       0
       0
       0
       0
       1
       0
       0
       1
       0
       2
       1
       0
       0
       0
       0
       1
       0
       0
       0
       0
       1
       0
       0
       0
       0
       1
       0
       0
       0
       0
       0
       0
       0
       1
       0
       0
       0
       1
       1
       1
       0
       1
       1
       3
       0
       2
       0
       1
       0
       0
       0
       0
       0
       0
       1
       1
       0
       1
       1
       1
       1
       0
       0
       0
       0
       0
       0
       0
       0
       1
       0
       2
       0
       0
       0
       0
       0
       3
       2
       0
       0
       0
       0
       1
       0
       0
       0
       1
       0
       0
       1
       1
       0
       0
       0
       1
       1
       0
       1
       2
       0
       1
       0
       0
       0
       1
       0
       0
       0
       0
       2
       0
       0
       1
       0
       1
       0
       0
       0
       1
       0
       0
       0
       0
       0
       0
       0
       0
       0
       1
       0
       0
       0
       1
       0
       0
       0
       0
       1
       0
       0
       0
       0
       1
       0
       0
       0
       2
       0
       0
       1
       1
       0
       1
       0
       0
       1
       0
       1
       3
       1
       0
       0
       0
       0
       0
       1
       0
       0
       0
       0
       0
       0
       1
       1
       0
       1
       0
       0
       0
       0
       0
       1
       0
       0
       0
       0
       1
       0
       0
       0
       0
       0
       0
       0
       1
       1
       1
       0
       0
       0
       0
       0
       1
       1
       0
       0
       0
       1
       0
       0
       1
       1
       0
       0
       0
       0
       0
       2
       0
       0
       1
       0
       0
       0
       0
       1
       0
       0
       0
       0
       0
       0
       0
       0
       0
       1
       0
       0
       1
       0
       1
       0
       0
       0
       0
       2
       0
       1
       0
       1
       1
       0
       0
       0
       1
       0
       1
       0
       0
       0
       0
       0
       0
       1
       1
       1
       0
       0
       0
       1
       0
       0
       1
       2
       2
       2
       0
       0
       3
       0
       0
       0
       0
       0
       0
       0
       0
       0
       0
       0
       0
       0
       0
       0
       0
       0
       1
       0
       0
       1
       1
       0
       1
       1
       1
       1
       0
       1
       0
       1
       0
       1
       1
       0
       0
       1
       0
       0
       0
       0
       0
       1
       0
       0
       1
       0
       0
       0
       0
       0
       0
       0
       0
       1
       1
       0
       0
       0
       0
       1
       0
       0
       0
       1
       1
       0
       0
       0
       0
       0
       1
       2
       0
       0
       0
       0
       0
       1
       0
       0
       1
       0
       1
       0
       1
       0
       2
       0
       0
       1
       0
       2
       0
       0
       0
       2
       0
       0
       0
       0
       0
       0
       1
       0
       0
       1
       1
       0
       0
       0
       0
       0
       0
       1
       0
       0
       1
       0
       0
       0
       0
       1
       0
       0
       0
       1
       2
       0
       0
       2
       1
       0
       0
       0
       0
       0
       0
       0
       1
       0
       0
       0
       1
       0
       0
       0
       0
       1
       1
       1
       1
       0
       0
       0
       1
       2
       0
       0
       1
       0
       2
       0
       1
       0
       3
       0
       1
       1
       0
       0
       0
       0
       0
       2
       0
       0
       1
       2
       0
       1
       0
       0
       1
       0
       0
       0
       0
       0
       0
       2
       0
       0
       0
       0
       0
       0
       3
       0
       1
       0
       0
       0
       1
       1
       2
       1
       1
       0
       1
       0
       0
       0
       1
       0
       0
       1
       2
       1
       1
       0
       1
       2
       0
       0
       0
       0
       0
       1
       0
       0
       1
       0
       0
       0
       0
       0
       1
       0
       0
       0
       0
       1
       0
       0
       1
       0
       2
       0
       1
       1
       0
       0
       0
       0
       0
       1
       1
       1
       0
       0
       1
       0
       0
       1
       0
       0
       1
       1
       0
       1
       1
       1
       0
       1
       1
       1
       1
       0
       3
       0
       2
       2
       0
       0
       0
       0
       1
       0
       0
       0
       2
       0
       0
       1
       0
       0
       1
       0
       0
       0
       1
       0
       2
       0
       0
       1
       0
       0
       1
       0
       0
       0
       0
       1
       0
       0
       1
       0
       0
       0
       1
       2
       1
       1
       0
       0
       2
       0
       0
       3
       0
       2
       0
       1
       0
       1
       1
       1
       1
       0
       0
       0
       1
       1
       0
       0
       0
       0
       0
       2
       0
       0
       0
       0
       0
       0
       0
       0
       0
       1
       0
       0
       0
       2
       0
       0
       0
       0
       0
       1
       0
       1
       0
       0
       0
       1
       0
       1
       0
       1
       0
       0
       0
       0
       0
       0
       1
       0
       0
       0
       0
       0
       1
       0
       0
       1
       1
       1
       0
       0
       1
       0
       0
       0
       0
       0
       0
       0
       0
       1
       0
       0
       1
       1
       1
       0
       1
       0
       0
       1
       2
       2
       0
       0
       1
       0
       0
       0
       0
       1
       1
       1
       0
       0
       0
       0
       1
       0
       1
       0
       1
       0
       1
       1
       0
       0
       0
       0
       1
       0
       0
       1
       1
       1
       1
       2
       0
       1
       0
       0
       1
       0
       0
       0
       0
       0
       0
       0
       0
       1
       0
       3
       0
       0
       0
       1
       0
       0
       0
       0
       0
       0
       1
       0
       2
       2
       0
       0
       2
       0
       0
       0
       0
       2
       0
       0
       0
       1
       2
       1
       1
       0
       0
       1
       0
       0
       0
       0
       1
       1
       1
       0
       0
       0
       0
       1
       0
       0
       0
       0
       0
       0
       0
       1
       2
       0
       0
       1
       0
       0
       0
       0
       0
       0
       2
       0
       1
       0
       0
       0
       0
       0
       1
       1
       0
       0
       0
       0
       0
       2
       0
       0
       1
       0
       1
       2
       1
       0
       0
       1
       0
       0
       1
       0
       1
       1
       1
       0
       1
       0
       0
       0
       2
       1
       2
       0
       0
       0
       1
       0
       0
       0
       1
       1
       0
       0
       0
       1
       0
       0
       0
       2
       0
       1
       2
       0
       0
       0
       0
       3
       1
       0
       0
       1
       0
       0
       0
       2
       1
       0
       0
       0
       0
       0
       0
       1
       0
       1
       0
       0
       1
       1
       0
       1
       1
       2
       0
       1
       1
       0
       1
       0
       0
       0
       0
       1
       1
       0
       1
       0
       0
       0
       1
       0
       0
       0
       1
       0
       0
       0
       1
       0
       0
       1
       0
       2
       2
       1
       1
       1
       0
       1
       2
       0
       2
       0
       1
       1
       1
       1
       0
       1
       1
       1
       0
       1
       2
       0
       0
       0
       0
       0
       1
       1
       0
       0
       0
       0
       0
       2
       0
       1
       1
       0
       0
       1
       0
       1
       1
       1
       0
       0
       0
       0
       1
       0
       1
       1
       0
       0
       1
       1
       1
       1
       1
       0
       0
       0
       0
       0
       1
       1
       0
       1
       0
       1
       0
       0
       0
       0
       0
       0
       1
       0
       1
       1
       0
       0
       2
       1
       0
       0
       1
       0
       1
       2
       0
       0
       0
       0
       2
       0
       0
       1
       0
       0
       0
       0
       1
       0
       3
       0
       1
       0
       1
       0
       0
       2
       1
       0
       3
       0
       1
       0
       0
       1
       0
       0
       0
       1
       1
       1
       0
       1
       0
       1
       1
       0
       0
       1
       1
       3
       0
       1
       0
       0
       1
       2
       0
       0
       1
       0
       0
       1
       0
       0
       0
       0
       0
       1
       2
       1
       1
       2
       2
       1
       1
       0
       0
       0
       1
       0
       1
       0
       0
       1
       0
       2
       1
       0
       1
       0
       2
       1
       0
       0
       0
       1
       0
       0
       0
       0
       1
       1
       1
       0
       1
       0
       2
       0
       1
       1
       0
       0
       0
       0
       0
       0
       1
       0
       0
       0
       1
       0
       2
       0
       0
       1
       0
       0
       0
       0
       0
       1
       0
       0
       0
       0
       0
       0
       0
       2
       0
       2
       0
       1
       1
       0
       1
       0
       1
       0
       0
       1
       3
       1
       1
       0
       0
       0
       3
       0
       0
       0
       1
       1
       0
       0
       0
       0
       2
       0
       2
       1
       2
       1
       1
       1
       0
       2
       1
       3
       2
       1
       0
       0
       1
       3
       3
       0
       0
       3
       0
       0
       2
       0
       1
       1
       3
       1
       2
       1
       1
       1
       0
       5
       1
       0
       1
       2
       2
       1
       0
       1
       1
       2
       2
       0
       2
       0
       1
       4
       0
       1
       1
       2
       0
       0
       2
       2
       0
       3
       1
       0
       2
       1
       0
       0
       1
       1
       1
       0
       1
       1
       1
       1
       1
       1
       1
       0
       3
       2
       2
       2
       1
       0
       1
       1
       1
       2
       2
       2
       2
       1
       2
       1
       1
       2
       2
       2
       1
       1
       2
       2
       1
       1
       1
       1
       4
       0
       0
       2
       1
       0
       2
       1
       2
       2
       4
       4
       2
       3
       1
       1
       0
       2
       4
       3
       1
       3
       2
       2
       3
       1
       3
       4
       3
       3
       4
       3
       1
       4
       1
       2
       5
       3
       3
       5
       4
       5
       2
       0
       4
       3
       1
       4
       2
       3
       2
       3
       2
       4
       1
       5
       4
       3
       9
       4
       6
      11
       0
      11
       7
       4
      12
       3
       8
      11
       3
      17
       9
      12
      14
       8
      12
      18
      17
      16
      10
      15
      12
      15
       8
       9
      10
      15
       9
      11
      13
      15
      17
      16
      16
      15
      10
      14
       7
      14
      12
      14
      19
      11
      10
      12
       8
       9
       9
      14
      13
      18
      12
      12
      19
      24
      17
      11
      22
      20
      18
      22
      18
      24
      28
      29
      36
      34
      36
      54
      54
      44
      53
      92
     105
      95
     152
     184
     213
     207
     274
     326
     392
     408
     454
     472
     498
     577
     551
     611
     584
     502
     571
     478
     472
     427
     399
     352
     247
     230
     221
     203
     189
     183
     167
     173
     178
     191
     192
     274
     295
     369
     413
     505
     603
     706
     802
     934
    1018
    1245
    1363
    1457
    1580
    1708
    1756
    1779
    1813
    1694
    1580
    1472
    1491
    1246
    1114
     978
     838
     657
     644
     477
     404
     338
     269
     190
     144
     117
      96
      91
      73
      49
      50
      40
      33
      21
      15
      12
      15
       9
       9
       6
       4
      11
       9
       9
       8
       9
       5
       8
       6
       9
       8
       6
      14
       5
       9
       6
       7
       9
      10
      10
       8
      10
       6
       8
       8
      10
      13
      16
      13
      12
      11
       6
      12
      10
      17
      11
      24
      31
      14
      15
      34
      26
      31
      26
      24
      41
      33
      39
      46
      42
      46
      47
      50
      53
      62
      62
      63
      62
      87
      91
     114
     143
     140
     165
     222
     237
     292
     323
     404
     468
     568
     638
     794
     916
    1124
    1172
    1445
    1548
    1668
    1778
    2025
    2000
    2080
    2056
    2053
    1998
    1901
    1682
    1661
    1448
    1308
    1097
     974
     798
     612
     478
     370
     308
     211
     169
     115
      87
      55
      37
      27
      25
      18
      10
       9
      11
       6
       8
      13
       9
      12
      15
       9
      16
      15
      12
       9
      14
      10
      10
       9
       7
      17
       7
       7
       9
      10
      11
       7
       5
       7
       5
       7
       6
       6
       2
       4
       4
       4
       4
       4
       5
       7
       4
       2
       4
       4
       0
       3
       4
       4
       4
       3
       0
       0
       3
       2
       4
       2
       6
       6
       4
       3
       6
       4
       3
       3
       8
       5
       1
       2
       6
       8
       0
       5
       5
       5
       5
       5
       5
       7
       6
       5
       5
       9
       4
      17
       5
      13
      11
       3
       6
       6
      10
      14
       8
      10
      11
      12
      10
      12
      14
      16
      15
      15
      19
      14
      20
      19
      23
      27
      26
      33
      42
      50
      38
      40
      41
      52
      57
      73
      69
      62
      94
     124
     118
     172
     171
     197
     218
     231
     277
     294
     295
     373
     369
     405
     400
     418
     426
     454
     424
     461
     430
     427
     426
     385
     392
     396
     357
     332
     287
     287
     251
     268
     252
     243
     242
     199
     208
     167
     180
     156
     152
     118
     115
      95
      87
      47
      53
      45
      30
      25
      26
      17
      16
      21
      11
       9
      16
      11
      18
      24
      13
      10
      15
      15
      14
      14
      12
       9
      17
      17
      21
      11
      17
      26
      16
      22
      27
      32
      27
      24
      27
      36
      26
      17
      31
      52
      40
      42
      51
      61
      57
      63
      53
      81
      82
      96
     109
     109
     149
     165
     181
     208
     233
     295
     293
     364
     462
     530
     657
     677
     826
     946
    1118
    1213
    1369
    1627
    1703
    1817
    1904
    1986
    1980
    1957
    1952
    1942
    1782
    1676
    1501
    1332
    1094
     967
     778
     687
     521
     399
     316
     239
     186
     118
     112
      70
      48
      39
      29
      15
       8
      14
       8
       7
       3
       7
       3
       3
       1
       2
       1
       4
       3
       0
       2
       1
       0
       3
       1
       1
       0
       3
       4
       1
       4
       1
       1
       1
       0
       1
       1
       1
       1
       0
       3
       3
       2
       3
       1
       1
       3
       1
       0
       4
       4
       3
       1
       4
       2
       0
       3
       5
       3
       1
       6
       6
       1
       4
       0
       5
       2
       3
       5
       2
       4
       4
       7
       5
       4
       7
       3
       7
       4
       5
       7
       4
       6
       4
       8
       4
       6
       9
       3
       9
       2
       5
       5
       3
       4
       7
      11
       9
       4
      10
       7
      12
       4
       9
      13
       6
       6
      17
      11
       9
       6
      10
      10
       8
      14
      10
       5
       5
      13
       5
       7
      13
      19
       8
      14
      13
      16
      13
       6
      13
      20
       9
      13
      19
      14
       8
      10
      20
      15
      15
      16
      15
      19
      17
      26
      16
      25
      23
      23
      30
      18
      15
      16
      26
      29
      36
      37
      49
      34
      49
      32
      47
      47
      36
      50
      70
      61
      71
      84
      92
      97
      98
     108
     117
     151
     161
     185
     215
     242
     257
     325
     362
     403
     513
     606
     653
     719
     844
    1007
    1126
    1172
    1367
    1490
    1580
    1781
    1885
    1893
    1977
    1924
    1906
    1853
    1717
    1647
    1443
    1272
    1203
    1002
     815
     702
     539
     428
     375
     248
     195
     147
     122
      89
      75
      49
      29
      25
      16
      14
       9
      17
       4
       5
       4
       3
       3
       2
       0
       1
       0
       0
       1
       1
       0
       0
       0
       0
       0
       0
       0
       0
       1
       0
       1
       0
       0
       1
       0
       0
       0
       0
       0
       0
       0
       1
       0
       0
       0
       0
       0
       1
       0
       0
       0
       0
       1
       0
       0
       0
       1
       0
       0
       0
       1
       0
       0
       0
       0
       0
       1
       0
       0
       0
       1
       0
       0
       0
       0
       0
       0
       1
       0
       0
       0
       1
       1
       0
       0
       0
       0
       0
       0
       0
       0
       0
       0
       0
       1
       0
       0
       0
       0
       0
       1
       1
       0
       1
       0
       4
       3
       2
       3
       1
       2
       0
       0
       0
       0
       0
       1
       0
       0
       0
       0
       0
       0
       0
       1
       0
       0
       1
       0
       0
       1
       0
       0
       0
       0
       0
       0
       0
       0
       0
       0
       0
       0
       0
       0
       0
       0
       0
       1
       0
       1
       1
       0
       0
       0
       0
       0
       0
       0
       0
       0
       0
       1
       0
       0
       0
       0
       0
       0
       0
       0
       0
       0
       0
       0
       0
       0
       1
       1
       0
       2
       0
       0
       0
       0
       0
       0
       0
       0
       0
       0
       0
       0
       0
       0
       0
       0
       1
       0
       0
       0
       0
       0
       0
       0
       0
       0
       0
       0
       0
       0
       0
       0
       0
       0
       1
       0
       0
       0
       0
       0
       0
       0
       0
       0
       0
       0
       0
       0
       0
       0
       0
       0
       0
       0
       0
       0
       0
       0
       0
       0
       0
       0
       0
       0
       0
       0
       0
       0
       1
       0
       0
       1
       0
       0
       0
       0
       0
       0
       0
       0
       0
       0
       0
       0
       0
       0
       0
       0
       0
       0
       0
       0
       0
       0
       0
       0
       0
       0
       0
       0
       0
       0
       0
       0
       0
       0
       0
       0
       0
       0
       0
       0
       1
       0
       0
       0
       0
       0
       0
       0
       0
       0
       0
       0
       0
       0
       0
       0
       0
       0
       0
       0
       0
       0
       0
       0
       0
       0
       0
       0
       0
       0
       0
       0
       0
       0
       0
       0
       0
       0
       0
       0
       0
       0
       0
       0
       0
       0
       0
       0
       0
       0
       0
       0
       0
       0
       0
       0
       0
       0
       0
       0
       0
       0
       0
       0
       0
       0
       0
       0
       1
       0
       0
       0
       0
       0
       0
       0
       0
       0
       1
       0
       0
       0
       0
       0
       1
       0
       1
       0
       0
       0
       0
       0
       0
       0
       0
       0
       0
       0
       0
       0
       0
       0
       1
       0
       0
       0
       0
       0
       0
       0
       0
       0
       0
       0
       0
       0
       0
       0
       0
       1
       0
       0
       0
       0
       0
       0
       0
       0
       0
       0
       0
       0
       0
       0
       0
       0
       1
       0
       0
       0
       0
       0
       0
       0
       1
       0
       0
       0
       0
       0
       0
       0
       0
       0
       0
       0
       0
       0
       0
       0
       0
       0
       0
       0
       0
       0
       0
       0
       0
       0
       0
       0
       0
       0
       0
       0
       0
       0
       0
       1
       0
       0
       0
       0
       0
       0
       0
       0
       0
       0
       0
       0
       0
       0
       0
       0
       0
       0
       0
       0
       0
       0
       0
       0
       0
       0
       1
       0
       0
       0
       1
       0
       0
       0
       0
       1
       0
       0
       0
       0
       0
       0
       0
       1
       0
       0
       0
       0
       0
       0
       0
       0
       0
       0
       0
       0
       0
       0
       1
       0
       0
       0
       0
       1
       1
       0
       0
       0
       0
       1
       0
       0
       0
       1
       0
       0
       0
       0
       0
       0
       0
       0
       0
       0
       1
       0
       0
       0
       0
       0
       0
       0
       0
       1
       0
       1
       0
       0
       1
       0
       0
       0
       0
       0
       0
       0
       0
       0
       0
       0
       0
       0
       1
       0
       0
       0
       0
       1
       0
       0
       0
       1
       0
       0
       0
       1
       1
       0
       0
       0
       0
       0
       0
       1
       0
       0
       0
       0
       0
       0
       0
       0
       0
       0
       0
       0
       0
       1
       0
       0
       0
       0
       0
       0
       0
       0
       0
       1
       1
       1
       0
       0
       1
       0
       1
       0
       0
       0
       0
       1
       0
       0
       0
       0
       0
       0
       0
       0
       0
       0
       0
       0
       0
       0
       0
       0
       0
       0
       3
       0
       0
       2
       1
       0
       0
       0
       2
       2
       1
       2
       1
       0
       2
       3
       4
       3
       0
       2
       0
       0
       2
       1
       3
       2
       1
       1
       1
       1
       2
       2
       0
       0
       0
       2
       0
       1
       0
       0
       0
       0
       0
       1
       0
       1
       0
       0
       0
       1
       0
       1
       1
       2
       0
       0
       1
       1
       1
       0
       1
       2
       0
       1
       1
       0
       1
       3
       1
       0
       1
       1
       1
       2
       0
       1
       2
       1
       0
       2
       1
       0
       3
       2
       2
       0
       2
       0
       2
       1
       1
       2
       2
       0
       1
       3
       2
       0
       1
       3
       1
       5
       1
       2
       0
       2
       1
       3
       2
       1
       0
       4
       2
       3
       3
       2
       2
       3
       3
       2
       6
       6
       3
       4
       2
       2
       5
       2
       2
       3
       3
       2
       2
       4
       7
       6
       5
       5
       9
      14
       7
       2
       4
      11
      11
       4
       5
       7
       8
      10
      11
       3
       7
       4
      14
      10
      16
      15
      21
      18
      24
      20
      17
      32
      27
      27
      31
      32
      39
      40
      60
      43
      57
      62
      81
      59
      92
      96
     127
     140
     159
     209
     276
     288
     316
     352
     430
     528
     557
     684
     709
     834
     845
     902
    1032
    1047
    1065
    1080
    1066
    1023
    1031
     955
     842
     716
     629
     545
     449
     435
     305
     234
     193
     163
     123
     103
      78
      62
      47
      53
      50
      47
      46
      44
      45
      42
      35
      51
      37
      43
      62
      44
      50
      41
      36
      46
      51
      43
      35
      44
      26
      37
      30
      25
      24
      36
      33
      28
      27
      21
      13
      31
      28
      22
      20
      15
      17
      28
      19
      10
      18
      12
      25
      13
      16
      13
      16
      13
      18
      10
      18
      16
      14
      18
      15
      19
       9
      12
      21
      12
      10
      12
       8
      14
      18
      13
       7
      10
       9
       7
      12
      12
      11
       8
      19
      10
      10
       4
       9
       7
      16
       7
       7
       3
       6
      13
       9
       8
      11
       4
       6
       3
       7
      15
       5
       4
       7
       5
       4
      10
       6
       6
       7
       5
       7
       7
       6
       9
       2
       5
       7
       5
       2
      10
       7
       4
       4
       4
       5
       5
       5
       2
       4
       7
       3
       3
       1
       3
       6
       5
       3
       4
       2
       0
       3
       4
       3
       5
       6
       2
       3
       1
       1
       0
       2
       3
       2
       3
       1
       4
       5
       3
       4
       3
       3
       4
       2
       1
       1
       3
       1
       3
       4
       2
       1
       2
       0
       1
       2
       2
       4
       2
       2
       1
       2
       0
       1
       1
       1
       0
       2
       0
       3
       2
       0
       3
       1
       2
       1
       0
       0
       0
       1
       2
       0
       1
       0
       1
       0
       1
       0
       3
       0
       0
       3
       0
       0
       0
       0
       3
       0
       0
       1
       0
       1
       1
       0
       1
       1
       1
       1
       0
       1
       2
       0
       0
       0
       0
       0
       0
       2
       1
       0
       2
       0
       0
       1
       0
       0
       0
       0
       0
       0
       0
       2
       0
       0
       0
       0
       0
       0
       0
       0
       0
       0
       0
       0
       1
       0
       2
       0
       0
       0
       1
       0
       1
       0
       0
       0
       0
       0
       0
       0
       1
       1
       0
       0
       0
       0
       1
       1
       0
       1
       0
       0
       0
       0
       0
       0
       0
       0
       0
       0
       0
       0
       0
       0
       0
       1
       0
       0
       0
       0
       0
       0
       0
       0
       0
       0
       0
       0
       1
       0
       0
       0
       0
       0
       0
       0
       0
       0
       0
       0
       0
       0
       1
       0
       0
       0
       0
       0
       0
       0
       0
       0
       0
       0
       0
       0
       0
       0
       0
       0
       0
       0
       0
       0
       0
       0
       0
       0
       0
       1
       0
       0
       0
       0
       0
       0
       0
       0
       0
       0
       0
       0
       0
       0
       0
       0
       0
       0
       0
       0
       0
       0
       0
       0
       0
       0
       0
       0
       0
       0
       0
       0
       0
       0
       0
       0
       0
       0
       0
       0
       1
       0
       0
       0
       0
       0
       0
       0
       0
       1
       0
       0
       0
       0
       0
       0
       0
       0
       0
       0
       0
       0
       0
       0
       0
       0
       0
       0
       0
       0
       0
       0
       0
       0
       0
       0
       0
       0
       0
       0
       0
       0
       0
       0
       0
       0
       0
       0
       0
       0
       0
       0
       0
       0
       0
       0
       0
       0
       0
       0
       0
       0
       0
       0
       0
       0
       0
       0
       0
       0
       0
       0
       0
       0
       0
       0
       0
       0
       0
       0
       0
       0
       0
       0
       0
       0
       0
       0
       0
       0
       0
       0
       0
       0
       0
       0
       0
       0
       0
       0
       0
       0
       0
       0
       0
       0
       0
       0
       0
       0
       0
       0
       0
       0
       0
       1
       0
       0
       0
       0
       0
       0
       0
       0
       0
       0
       0
       0
       0
       0
       0
       0
       0
       0
       0
       0
       0
       0
       0
       0
       0
       0
       0
       0
       0
       0
       0
       0
       0
       0
       0
       0
       0
       0
       0
       0
       0
       0
       0
       0
       0
       0
       0
       0
       0
       0
       0
       0
       0
       0
       0
       0
       0
       0
       0
       0
       0
       0
       0
       0
       0
       0
       0
       0
       0
       0
       0
       0
       0
       0
       0
       0
       0
       0
       0
       0
       0
       0
       0
       0
       0
       0
       0
       0
       0
       0
       0
       0
       0
       0
       0
       0
       0
       0
       0
       0
       0
       0
       0
       0
       0
       0
       0
       0
       0
       0
       0
       0
       0
       0
       0
       0
       0
       0
       0
       0
       0
       0
       0
       0
       0
       0
       0
       0
       0
       0
       0
       0
       0
       0
       0
       0
       0
       0
       0
       0
       0
       0
       0
       0
       0
       0
       0
       0
       0
       0
       0
       0
       0
       0
       0
       0
       0
       0
       0
       0
       0
       0
       0
       0
       0
       0
       0
       0
       0
       0
       0
       0
       0
       0
       0
       0
       0
       0
       0
       0
       0
       0
       0
       0
       0
       0
       0
       0
       0
       0
       0
       0
       0
       0
       0
       0
       0
       0
       0
       0
       0
       0
       0
       0
       0
       0
       0
       0
       0
       0
       0
       0
       0
       0
       0
       0
       0
       0
       0
       0
       0
       0
       0
       0
       0
       0
       0
       0
       0
       0
       1
       0
       0
       0
       0
       0
       1
       0
       1
       0
       0
       0
       0
       1
       0
       1
       1
       0
       0
       0
       0
       0
       0
       0
       1
       0
       0
       0
       0
       0
       0
       0
       0
       0
       0
       0
       0
       0
       0
       0
       0
       0
       0
       0
       0
       0
       0
       0
       0
       0
       0
       0
       0
       0
       0
       0
       0
       0
       0
       0
       0
       0
       0
       0
       0
       0
       0
       0
       0
       0
       0
       0
       0
       0
       0
       0
       0
       0
       0
       0
       0
       0
       0
       0
       0
       0
       0
       0
       0
       0
       0
       0
       0
       0
       0
       0
       0
       0
       0
       0
       0
       0
       0
       0
       0
       0
       0
       0
       0
       0
       0
       0
       0
       0
       0
       0
       0
       0
       0
       0
       0
       0
       0
       0
       0
       0
       0
       0
       0
       0
       0
       0
       0
       0
       0
       0
       0
       0
       0
       0
       0
       0
       0
       0
       0
       0
       0
       0
       0
       0
       0
       0
       0
       0
       0
       0
       0
       0
       0
       0
       0
       0
       0
       0
       0
       0
       0
       0
       0
       0
       0
       0
       0
       0
       0
       0
       0
       0
       0
       0
       0
       0
       0
       0
       0
       0
       0
       0
       0
       0
       1
       0
       0
       0
       0
       0
       0
       0
       0
       0
       0
       0
       0
       0
       0
       0
       0
       0
       0
       0
       0
       0
       0
       0
       0
       0
       0
       0
       0
       0
       0
       0
       0
       0
       0
       0
       0
       0
       0
       0
       0
       0
       0
       0
       0
       0
       0
       0
       0
       0
       0
       0
       0
       0
       0
       0
       0
       0
       0
       0
       0
       0
       0
       0
       0
       0
       0
       0
       0
       0
       0
       0
       0
       0
       0
       0
       0
       0
       0
       0
       0
       0
       0
       0
       0
       0
       0
       0
       0
       0
       0
       0
       0
       0
       0
       0
       0
       0
       0
       0
       0
       0
       0
       0
       0
       0
       0
       0
       0
       0
       0
       0
       0
       0
       0
       0
       0
       0
       0
       0
       0
       0
       0
       0
       0
       0
       0
       0
       0
       0
       0
       0
       0
       0
       0
       0
       0
       0
       0
       0
       0
       0
       0
       0
       0
       0
       0
       0
       0
       0
       0
       0
       0
       0
       0
       0
       0
       0
       0
       0
       0
       0
       0
       0
       0
       0
       0
       0
       0
       0
       0
       0
       0
       0
       0
       0
       0
       0
       0
       0
       0
       0
       0
       0
       0
       0
       0
       0
       0
       0
       0
       0
       0
       0
       0
       0
       0
       0
       0
       0
       0
       0
       0
       0
       0
       0
       0
       0
       0
       0
       0
       0
       0
       0
       0
       0
       0
       0
       0
       0
       0
       1
       0
       0
       0
       0
       0
       0
       0
       0
       0
       0
       0
       0
       1
       0
       0
       0
       0
       0
       0
       0
       0
       0
       0
       0
       0
       0
       0
       0
       0
       0
       0
       0
       0
       0
       0
       0
       0
       0
       0
       0
       0
       0
       0
       0
       0
       0
       0
       0
       0
       0
       0
       0
       0
       0
       0
       0
       0
       0
       0
       0
       0
       0
       0
       0
       0
       0
       0
       0
       0
       0
       0
       0
       0
       0
       0
       0
       0
       0
       0
       0
       0
       0
       0
       0
       0
       0
       0
       0
       0
       0
       0
       0
       0
       0
       0
       0
       0
       0
       0
       0
       0
       0
       0
       0
       0
       0
       0
       0
       0
       0
       0
       0
       0
       0
       0
       0
       0
       0
       0
       0
       0
       0
       0
       0
       0
       0
       0
       0
       0
       0
       0
       0
       0
       0
       0
       0
       0
       0
       0
       0
       0
       0
       0
       0
       0
       0
       0
       0
       0
       0
       0
       0
       0
       0
       0
       0
       0
       0
       0
       0
       0
       0
       0
       0
       0
       0
       0
       0
       0
       0
       0
       0
       0
       0
       0
       0
       0
       0
       0
       0
       0
       0
       0
       0
       0
       0
       0
       0
       0
       0
       0
       0
       0
       0
       0
       0
       0
       0
       0
       0
       0
       0
       0
       0
       0
       0
       0
       0
       0
       0
       0
       0
       0
       0
       0
       0
       0
       0
       0
       0
       0
       0
       0
       0
       0
       0
       0
       0
       0
       0
       0
       0
       0
       0
       0
       0
       0
       0
       0
       0
       0
       0
       0
       0
       0
       0
       0
       0
       0
       0
       0
       0
       0
       0
       0
       0
       0
       0
       0
       0
       0
       0
       0
       0
       0
       0
       0
       0
       0
       0
       0
       0
       0
       0
       0
       0
       0
       0
       0
       0
       0
       0
       0
       0
       0
       0
       0
       0
       0
       0
       0
       0
       0
       0
       0
       0
       0
       0
       0
       0
       0
       0
       0
       0
       0
       0
       0
       0
       0
       0
       0
       0
       0
       0
       0
       0
       0
       0
       0
       0
       0
       0
       0
       0
       0
       0
       0
       0
       0
       0
       0
       0
       0
       0
       0
       0
       0
       0
       0
       0
       0
       0
       0
       0
       0
       0
       0
       0
       0
       0
       0
       0
       0
       0
       0
       0
       0
       0
       0
       0
       0
       0
       0
       0
       0
       0
       0
       0
       0
       0
       0
       0
       0
       0
       0
       0
       0
       0
       0
       0
       0
       0
       0
       0
       0
       0
       0
       0
       0
       0
       0
       0
       0
       0
       0
       0
       0
       0
       0
       0
       0
       0
       0
       1
       0
       0
       0
       0
       0
       0
       1
       0
       0
       0
       0
       0
       0
       0
       0
       0
       0
       0
       0
       0
       0
       0
       0
       0
       0
       0
       0
       0
       0
       0
       0
       0
       0
       0
       0
       0
       0
       0
       0
       0
       0
       0
       0
       0
       0
       0
       0
       0
       0
       0
       0
       0
       0
       0
       0
       0
       0
       0
       0
       0
       0
       0
       0
       0
       0
       0
       0
       0
       0
       0
       0
       0
       0
       0
       0
       0
       0
       0
       0
       0
       0
       0
       0
       0
       0
       0
       0
       0
       0
       0
       0
       0
       0
       0
       0
       0
       0
       0
       0
       0
       0
       0
       0
       0
       0
       0
       0
       0
       0
       0
       0
       0
       0
       0
       0
       0
       0
       0
       0
       0
       0
       0
       0
       0
       0
       0
       0
       0
       0
       0
       0
       0
       0
       0
       0
       0
       0
       0
       0
       0
       0
       0
       0
       0
       0
       0
       0
       0
       0
       0
       0
       0
       0
       0
       0
       0
       0
       0
       0
       0
       0
       0
       0
       0
       0
       0
       0
       0
       0
       0
       0
       0
       0
       0
       0
       0
       0
       0
       0
       0
       0
       0
       0
       0
       0
       0
       0
       0
       0
       0
       0
       0
       0
       0
       0
       0
       0
       0
       0
       0
       0
       0
       0
       0
       0
       0
       0
       0
       0
       0
       0
       0
       0
       0
       0
       0
       0
       0
       0
       0
       0
       0
       0
       0
       0
       0
       0
       0
       0
       0
       0
       0
       0
       0
       0
       0
       0
       0
       0
       0
       0
       0
       0
       0
       0
       0
       0
       0
       0
       0
       0
       0
       0
       0
       0
       0
       0
       0
       0
       0
       0
       0
       0
       0
       0
       0
       0
       0
       0
       0
       0
       0
       0
       0
       0
       0
       0
       0
       0
       0
       0
       0
       0
       0
       0
       0
       0
       0
       0
       0
       0
       0
       0
       0
       0
       0
       0
       0
       0
       0
       0
       0
       0
       0
       0
       0
       0
       0
       0
       0
       0
       0
       0
       0
       0
       0
       0
       0
       0
       0
       0
       0
       0
       0
       0
       0
       0
       0
       0
       0
       0
       0
       0
       0
       0
       0
       0
       0
       0
       0
       0
       0
       0
       0
       0
       0
       0
       0
       0
       0
       0
       0
       0
       0
       0
       0
       0
       0
       0
       0
       0
       0
       0
       0
       0
       0
       0
       0
       0
       0
       0
       0
       0
       0
       0
       0
       0
       0
       0
       0
       0
       0
       0
       0
       0
       0
       0
       0
       0
       0
       0
       0
       0
       0
       0
       0
       0
       0
       0
       0
       0
       0
       0
       0
       0
       0
       0
       0
       0
       0
       0
       0
       0
       0
       0
       0
       0
       0
       0
       0
       0
       0
       0
       0
       0
       0
       0
       0
       0
       0
       0
       0
       0
       0
       0
       0
       0
       0
       0
       0
       0
       0
       0
       0
       0
       0
       0
       0
       0
       0
       0
       0
       0
       0
       0
       0
       0
       0
       0
       0
       0
       0
       0
       0
       0
       0
       0
       0
       0
       0
       0
       0
       0
       0
       0
       0
       0
       0
       0
       0
       0
       0
       0
       0
       0
       0
       0
       0
       0
       0
       0
       0
       0
       0
       0
       0
       0
       0
       0
       0
       0
       0
       0
       0
       0
       0
       0
       0
       0
       0
       0
       0
       0
       0
       0
       0
       0
       1
       0
       0
       0
       0
       0
       0
       0
       0
       0
       0
       0
       0
       0
       0
       0
       0
       0
       0
       0
       0
       0
       0
       0
       0
       0
       0
       0
       0
       0
       0
       0
       0
       0
       0
       0
       0
       0
       0
       0
       0
       0
       0
       0
       0
       0
       0
       0
       0
       0
       0
       0
       0
       0
       0
       0
       0
       0
       0
       0
       0
       0
       0
       0
       0
       0
       0
       0
       0
       0
       0
       0
       0
       0
       0
       0
       0
       0
       0
       0
       0
       0
       0
       0
       0
       0
       0
       0
       0
       0
       0
       0
       0
       0
       0
       0
       0
       0
       0
       0
       0
       0
       0
       0
       0
       0
       0
       0
       0
       0
       0
       0
       0
       0
       0
       0
       0
       0
       0
       0
       0
       0
       0
       0
       0
       0
       0
       0
       0
       0
       0
       0
       0
       0
       0
       0
       0
       0
       1
       0
       0
       0
       0
       0
       0
       0
       0
       0
       0
       0
       0
       0
       0
       0
       0
       0
       0
       0
       0
       0
       0
       0
       0
       0
       0
       0
       0
       0
       0
       0
       0
       0
       0
       0
       0
       0
       0
       0
       0
       0
       0
       0
       0
       0
       0
       0
       0
       0
       0
       0
       0
       0
       0
       0
       0
       0
       0
       0
       0
       0
       0
       0
       0
       0
       0
       0
       0
       0
       0
       0
       0
       0
       0
       0
       0
       0
       0
       0
       0
       0
       0
       0
       0
       0
       0
       0
       0
       0
       0
       0
       0
       0
       0
       0
       0
       0
       0
       0
       0
       0
       0
       0
       0
       0
       0
       0
       0
       0
       0
       0
       0
       0
       0
       0
       0
       0
       0
       0
       0
       0
       0
       0
       0
       0
       0
       0
       0
       0
       0
       0
       0
       0
       0
       0
       0
       0
       0
       0
       0
       0
       0
       0
       0
       0
       0
       0
       0
       0
       0
       0
       0
       0
       0
       0
       0
       0
       0
       0
       0
       0
       0
       0
       0
       0
       0
       0
       0
       0
       0
       0
       0
       0
       0
       0
       0
       0
       0
       0
       0
       0
       0
       0
       0
       0
       0
       0
       0
       0
       0
       0
       0
       0
       0
       0
       0
       0
       0
       0
       0
       0
       0
       0
       0
       0
       0
       0
       0
       0
       0
       0
       0
       0
       0
       0
       0
       0
       0
       0
       0
       0
       0
       0
       0
       0
       0
       0
       0
       0
       0
       0
       0
       0
       0
       0
       0
       0
       0
       0
       0
       0
       0
       0
       0
       0
       0
       0
       0
       0
       0
       0
       0
       0
       0
       0
       0
       0
       0
       0
       0
       0
       0
       0
       0
       0
       0
       0
       0
       0
       0
       0
       0
       0
       0
       0
       0
       0
       0
       0
       0
       0
       0
       0
       0
       0
       0
       0
       0
       0
       0
       0
       0
       0
       0
       0
       0
       0
       0
       0
       0
       0
       0
       0
       0
       0
       0
       0
       0
       0
       0
       0
       0
       0
       0
       0
       0
       0
       0
       0
       0
       0
       0
       0
       0
       0
       0
       0
       0
       0
       0
       0
       0
       0
       0
       0
       0
       0
       0
       0
       0
       0
       0
       0
       0
       0
       0
       0
       0
       0
       0
       0
       0
       0
       0
       0
       0
       0
       0
       0
       0
       0
       0
       0
       0
       0
       0
       0
       0
       0
       0
       0
       0
       0
       0
       0
       0
       0
       0
       0
       0
       0
       0
       0
       0
       0
       0
       0
       0
       0
       0
       0
       0
       0
       0
       0
       0
       0
       0
       0
       0
       0
       0
       0
       0
       0
       0
       0
       0
       0
       0
       0
       0
       0
       0
       0
       0
       0
       0
       0
       0
       0
       0
       0
       0
       0
       0
       0
       0
       0
       0
       0
       0
       0
       0
       0
       0
       0
       0
       0
       0
       0
       0
       0
       0
       0
       0
       0
       0
       0
       0
       0
       0
       0
       0
       0
       0
       0
       0
       0
       0
       0
       0
       0
       0
       0
       0
       0
       0
       0
       0
       0
       0
       0
       0
       0
       0
       0
       0
       0
       0
       0
       0
       0
       0
       0
       0
       0
       0
       0
       0
       0
       0
       0
       0
       0
       0
       0
       0
       0
       0
       0
       0
       0
       0
       0
       0
       0
       0
       0
       0
       0
       0
       0
       0
       0
       0
       0
       0
       0
       0
       0
       0
       0
       0
       0
       0
       0
       0
       0
       0
       0
       0
       0
       0
       0
       0
       0
       0
       0
       0
       0
       0
       0
       0
       0
       0
       0
       0
       0
       0
       0
       0
       0
       0
       0
       0
       0
       0
       0
       0
       0
       0
       0
       0
       0
       0
       0
       0
       0
       0
       0
       0
       0
       0
       0
       0
       0
       0
       0
       0
       0
       0
       0
       0
       0
       0
       0
       0
       0
       0
       0
       0
       0
       0
       0
       0
       0
       0
       0
       0
       0
       0
       0
       0
       0
       0
       0
       0
       0
       0
       0
       0
       0
       0
       0
       0
       0
       0
       0
       0
       0
       0
       0
       0
       0
       0
       0
       0
       0
       0
       0
       0
       0
       0
       0
       0
       0
       0
       0
       0
       0
       0
       0
       0
       0
       0
       0
       0
       0
       0
       0
       0
       0
       0
       0
       0
       0
       0
       0
       0
       0
       0
       0
       0
       0
       0
       0
       0
       0
       0
       0
       0
       0
       0
       0
       0
       0
       0
       0
       0
       0
       0
       0
       0
       0
       0
       0
       0
       0
       0
       0
       0
       0
       0
       0
       0
       0
       0
       0
       0
       0
       0
       0
       0
       0
       0
       0
       0
       0
       0
       0
       0
       0
       0
       0
       0
       0
       0
       0
       0
       0
       0
       0
       0
       0
       0
       0
       0
       0
       0
       0
       0
       0
       0
       0
       0
       0
       0
       0
       0
       0
       0
       0
       0
       0
       0
       0
       0
       0
       0
       0
       0
       0
       0
       0
       0
       0
       0
       0
       0
       0
       0
       0
       0
       0
       0
       0
       0
       0
       0
       0
       0
       0
       0
       0
       0
       0
       0
       0
       0
       0
       0
       0
       0
       0
       0
       0
       0
       0
       0
       0
       0
       0
       0
       0
       0
       0
       0
       0
       0
       0
       0
       0
       0
       0
       0
       0
       0
       0
       0
       0
       0
       0
       0
       0
       0
       0
       0
       0
       0
       0
       0
       0
       0
       0
       0
       0
       0
       0
       0
       0
       0
       0
       0
       0
       0
       0
       0
       0
       0
       0
       0
       0
       0
       0
       0
       0
       0
       0
       0
       0
       0
       0
       0
       0
       0
       0
       0
       0
       0
       0
       0
       0
       0
       0
       0
       0
       0
       0
       0
       0
       0
       0
       0
       0
       0
       0
       0
       0
       0
       0
       0
       0
       0
       0
       0
       0
       0
       0
       0
       0
       0
       0
       0
       0
       0
       0
       0
       0
       0
       0
       0
       0
       0
       0
       0
       0
       0
       0
       0
       0
       0
       0
       0
       0
       0
       0
       0
       0
       0
       0
       0
       0
       0
       0
       0
       0
       0
       0
       0
       0
       0
       0
       0
       0
       0
       0
       0
       0
       0
       0
       0
       0
       0
       0
       0
       0
       0
       0
       0
       0
       0
       0
       0
       0
       0
       0
       0
       0
       0
       0
       0
       0
       0
       0
       0
       0
       0
       0
       0
       0
       0
       0
       0
       0
       0
       0
       0
       0
       0
       0
       0
       0
       0
       0
       0
       0
       0
       0
       0
       0
       0
       0
       0
       0
       0
       0
       0
       0
       0
       0
       0
       0
       0
       0
       0
       0
       0
       0
       0
       0
       0
       0
       0
       0
       0
       0
       0
       0
       0
       0
       0
       0
       0
       0
       0
       0
       0
       0
       0
       0
       0
       0
       0
       0
       0
       0
       0
       0
       0
       0
       0
       0
       0
       0
       0
       0
       0
       0
       0
       0
       0
       0
       0
       0
       0
       0
       0
       0
       0
       0
       0
       0
       0
       0
       0
       0
       0
       0
       0
       0
       0
       0
       0
       0
       0
       0
       0
       0
       0
       0
       0
       0
       0
       0
       0
       0
       0
       0
       0
       0
       0
       0
       0
       0
       0
       0
       0
       0
       0
       0
       0
       0
       0
       0
       0
       0
       0
       0
       0
       0
       0
       0
       0
       0
       0
       0
       0
       0
       0
       0
       0
       0
       0
       0
       0
       0
       0
       0
       0
       0
       0
       0
       0
       0
       0
       0
       0
       0
       0
       0
       0
       0
       0
       0
       0
       0
       0
       0
       0
       0
       0
       0
       0
       0
       0
       0
       0
       0
       0
       0
       0
       0
       0
       0
       0
       0
       0
       0
       0
       0
       0
       0
       0
       0
       0
       0
       0
       0
       0
       0
       0
       0
       0
       0
       0
       0
       0
       0
       0
       0
       0
       0
       0
       0
       0
       0
       0
       0
       0
       0
       0
       0
       0
       0
       0
       0
       0
       0
       0
       0
       0
       0
       0
       0
       0
       0
       0
       0
       0
       0
       0
       0
       0
       0
       0
       0
       0
       0
       0
       0
       0
       0
       0
       0
       0
       0
       0
       0
       0
       0
       0
       0
       0
       0
       0
       0
       0
       0
       0
       0
       0
       0
       0
       0
       0
       0
       0
       0
       0
       0
       0
       0
       0
       0
       0
       0
       0
       0
       0
       0
       0
       0
       0
       0
       0
       0
       0
       0
       0
       0
       0
       0
       0
       0
       0
       0
       0
       0
       0
       0
       0
       0
       0
       0
       0
       0
       0
       0
       0
       0
       0
       0
       0
       0
       0
       0
       0
       0
       0
       0
       0
       0
       0
       0
       0
       0
       0
       0
       0
       0
       0
       0
       0
       0
       0
       0
       0
       0
       0
       0
       0
       0
       0
       0
       0
       0
       0
       0
       0
       0
       0
       0
       0
       0
       0
       0
       0
       0
       0
       0
       0
       0
       0
       0
       0
       0
       0
       0
       0
       0
       0
       0
       0
       0
       0
       0
       0
       0
       0
       0
       0
       0
       0
       0
       0
       0
       0
       0
       0
       0
       0
       0
       0
       0
       0
       0
       0
       0
       0
       0
       0
       0
       0
       0
       0
       0
       0
       0
       0
       0
       0
       0
       0
       0
       0
       0
       0
       0
       0
       0
       0
       0
       0
       0
       0
       0
       0
       0
       0
       0
       0
       0
       0
       0
       0
       0
       0
       0
       0
       0
       0
       0
       0
       0
       0
       0
       0
       0
       0
       0
       0
       0
       0
       0
       0
       0
       0
       0
       0
       0
       0
       0
       0
       0
       0
       0
       0
       0
       0
       0
       0
       0
       0
       0
       0
       0
       0
       0
       0
       0
       0
       0
       0
       0
       0
       0
       0
       0
       0
       0
       0
       0
       0
       0
       0
       0
       0
       0
       0
       0
       0
       0
       0
       0
       0
       0
       0
       0
       0
       0
       0
       0
       0
       0
       0
       0
       0
       0
       0
       0
       0
       0
       0
       0
       0
       0
       0
       0
       0
       0
       0
       0
       0
       0
       0
       0
       0
       0
       0
       0
       0
       0
       0
       0
       0
       0
       0
       0
       0
       0
       0
       0
       0
       0
       0
       0
       0
       0
       0
       0
       0
       0
       0
       0
       0
       0
       0
       0
       0
       0
       0
       0
       0
       0
       0
       0
       0
       0
       0
       0
       0
       0
       0
       0
       0
       0
       0
       0
       0
       0
       0
       0
       0
       0
       0
       0
       0
       0
       0
       0
       0
       0
       0
       0
       0
       0
       0
       0
       0
       0
       0
       0
       0
       0
       0
       0
       0
       0
       0
       0
       0
       0
       0
       0
       0
       0
       0
       0
       0
       0
       0
       0
       0
       0
       0
       0
       0
       0
       0
       0
       0
       0
       0
       0
       0
       0
       0
       0
       0
       0
       0
       0
       0
       0
       0
       0
       0
       0
       0
       0
       0
       0
       0
       0
       0
       0
       0
       0
       0
       0
       0
       0
       0
       0
       0
       0
       0
       0
       0
       0
       0
       0
       0
       0
       0
       0
       0
       0
       0
       0
       0
       0
       0
       0
       0
       0
       0
       0
       0
       0
       0
       0
       0
       0
       0
       0
       0
       0
       0
       0
       0
       0
       0
       0
       0
       0
       0
       0
       0
       0
       0
       0
       0
       0
       0
       0
       0
       0
       0
       0
       0
       0
       0
       0
       0
       0
       0
       0
       0
       0
       0
       0
       0
       0
       0
       0
       0
       0
       0
       0
       0
       0
       0
       0
       0
       0
       0
       0
       0
       0
       0
       0
       0
       0
       0
       0
       0
       0
       0
       0
       0
       0
       0
       0
       0
       0
       0
       0
       0
       0
       0
       0
       0
       0
       0
       0
       0
       0
       0
       0
       0
       0
       0
       0
       0
       0
       0
       0
       0
       0
       0
       0
       0
       0
       0
       0
       0
       0
       0
       0
       0
       0
       0
       0
       0
       0
       0
       0
       0
       0
       0
       0
       0
       0
       0
       0
       0
       0
       0
       0
       0
       0
       0
       0
       0
       0
       0
       0
       0
       0
       0
       0
       0
       0
       0
       0
       0
       0
       0
       0
       0
       0
       0
       0
       0
       0
       0
       0
       0
       0
       0
       0
       0
       0
       0
       0
       0
       0
       0
       0
       0
       0
       0
       0
       0
       0
       0
       0
       0
       0
       0
       0
       0
       0
       0
       0
       0
       0
       0
       0
       0
       0
       0
       0
       0
       0
       0
       0
       0
       0
       0
       0
       0
       0
       0
       0
       0
       0
       0
       0
       0
       0
       0
       0
       0
       0
       0
       0
       0
       0
       0
       0
       0
       0
       0
       0
       0
       0
       0
       0
       0
       0
       0
       0
       0
       0
       0
       0
       0
       0
       0
       0
       0
       0
       0
       0
       0
       0
       0
       0
       0
       0
       0
       0
       0
       0
       0
       0
       0
       0
       0
       0
       0
       0
       0
       0
       0
       0
       0
       0
       0
       0
       0
       0
       0
       0
       0
       0
       0
       0
       0
       0
       0
       0
       0
       0
       0
       0
       0
       0
       0
       0
       0
       0
       0
       0
       0
       0
       0
       0
       0
       0
       0
       0
       0
       0
       0
       0
       0
       0
       0
       0
       0
       0
       0
       0
       0
       0
       0
       0
       0
       0
       0
       0
       0
       0
       0
       0
       0
       0
       0
       0
       0
       0
       0
       0
       0
       0
       0
       0
       0
       0
       0
       0
       0
       0
       0
       0
       0
       0
       0
       0
       0
       0
       0
       0
       0
       0
       0
       0
       0
       0
       0
       0
       0
       0
       0
       0
       0
       0
       0
       0
       0
       0
       0
       0
       0
       0
       0
       0
       0
       0
       0
       0
       0
       0
       0
       0
       0
       0
       0
       0
       0
       0
       0
       0
       0
       0
       0
       0
       0
       0
       0
       0
       0
       0
       0
       0
       0
       0
       0
       0
       0
       0
       0
       0
       0
       0
       0
       0
       0
       0
       0
       0
       0
       0
       0
       0
       0
       0
       0
       0
       0
       0
       0
$ROI:
0
$PRESETS:
None
0
0
$ENER_FIT:
0.000000 2.297975
$MCA_CAL:
3
0.000000E+000 2.297975E+000 0.000000E+000 keV
$SHAPE_CAL:
3
1.728333E+001 0.000000E+000 0.000000E+000
